	221	134	97	71	142	97	170	60	71	177	305	256	193	118	221	138	265	309	65	136	162	130	167	293	218	236	309
246	123	97	81	147	135	105	249	285	122	161	77	140	276	90	98	122	165	248	88	104	80	92	169	166	126	112	179
116	204	272	249	153	255	239	182	277	65	66	229	69	87	67	178	147	98	143	90	62	176	84	101	288	116	71	307
61	247	289	174	92	100	260	130	280	315	89	62	211	92	132	67	116	73	100	155	204	81	66	104	271	267	233	319
184	73	62	63	260	208	279	128	188	304	89	62	62	301	144	188	275	66	318	112	198	142	68	292	147	77	95	133
139	224	75	270	68	314	292	235	225	118	85	126	102	119	151	223	151	95	87	74	123	273	216	182	66	69	128	134
113	65	220	60	62	116	79	154	81	61	177	221	267	104	224	115	257	163	153	163	275	197	242	229	63	62	248	130
184	166	100	74	238	163	61	77	223	109	141	118	131	102	66	79	221	322	229	161	170	94	60	230	142	66	163	127
113	114	67	282	249	77	160	178	67	245	99	166	107	106	215	314	89	159	115	189	187	242	96	282	122	150	240
90	93	134	250	86	80	65	118	112	272	307	128	195	87	271	66	88	133	70	222	88	159	83	292	138	274	202	285	184
202	78	104	302	114	144	152	135	173	259	174	74	80	243	65	62	155	124	84	214	69	136	132	124	129	65	175	251
215	61	162	63	152	116	163	127	98	139	236	126	93	270	82	92	175	88	250	274	197	262	82	193	252	81	197	150
83	90	95	88	204	95	287	122	78	187	241	131	295	135	135	170	131	303	309	232	275	296	314	259	87	237	264	176
201	286	94	89	295	72	199	298	69	73	292	103	140	154	75	69	334	264	157	149	129	150	173	82	172	340	246	239
245	115	163	155	155	61	203	311	230	289	118	91	92	232	288	219	140	83	205	114	65	60	108	331	252	127	68	80
62	75	102	292	256	296	81	131	92	116	283	319	60	247	107	118	144	180	87	224	136	116	187	206	85	78	133	144
164	114	79	154	91	133	254	108	72	166	303	123	143	123	151	63	260	235	264	108	175	174	131	284	112	73	108
79	100	101	64	79	68	80	168	278	166	120	266	62	123	270	203	116	99	83	79	132	63	104	128	92	84	260	76	146
205	240	203	143	122	308	233	188	327	104	124	161	101	166	188	159	174	65	183	124	163	315	232	180	144	121
129	61	300	216	305	282	263	98	159	130	100	130	183	133	70	253	207	302	203	169	226	248	77	253	214	109	113
76	70	164	109	90	104	181	84	68	63	72	281	131	81	86	69	119	252	181	66	146	291	222	69	168	74	61	264	281
309	76	73	155	74	81	134	191	60	192	107	258	113	95	185	103	313	204	105	285	295	297	117	301	220	160	81	167
84	301	90	74	76	304	164	306	188	294	172	304	233	156	265	238	71	114	129	295	74	90	295	223	78	81	313	73
209	81	104	140	136	131	299	71	187	227	105	168	231	72	75	95	73	150	169	161	125	285	170	173	184	198	92	124
169	226	256	228	203	72	80	60	219	170	193	263	177	66	227	72	107	190	180	112	188	307	280	66	165	305	83	144
232	224	80	127	242	91	163	182	160	63	204	249	287	66	93	108	120	71	170	69	105	102	138	138	184	91	84	188
238	258	298	196	243	71	70	174	281	190	268	98	177	98	82	101	198	69	283	270	60	62	124	65	194	128	148	108
122	154	64	70	292	101	62	69	92	260	271	93	125	102	185	334	143	60	81	108	118	70	113	253	150	103	106	60
274	256	337	309	269	189	280	60	74	313	89	102	196	101	125	144	78	196	173	124	147	283	75	79	76	85	94	263
109	311	256	115	114	101	96	98	308	221	96	187	84	266	90	228	214	309	117	87	62	209	291	80	225	177	194	67
298	95	151	70	70	78	297	102	140	94	61	121	96	123	126	125	92	66	179	325	76	95	227	66	309	188	99	103	89
329	279	291	87	77	150	306	81	110	188	293	138	120	83	143	156	215	72	82	133	192	265	222	185	330	263	112
129	101	129	144	70	290	150	61	243	167	120	145	136	76	288	231	97	70	300	83	83	79	294	241	67	221	165	89
70	260	186	129	60	95	69	109	152	81	161	78	199	281	215	258	120	179	76	71	146	87	151	82	260	172	285	209
112	224	150	71	264	162	64	257	110	153	288	255	154	63	191	65	301	243	249	67	294	151	296	283	178	291	130
153	274	163	317	299	184	64	91	173	210	245	65	240	99	86	158	115	107	69	76	143	204	116	161	177	314	209	89
176	101	155	239	60	221	97	145	104	65	301	249	259	171	76	222	150	128	193	66	303	296	303	161	104	214	298
125	70	91	63	201	272	197	260	60	161	72	138	81	115	122	305	164	303	131	166	131	260	146	141	255	121	71	84
114	252	134	60	71	209	234	87	70	212	171	66	190	124	136	197	168	275	79	66	288	125	117	331	94	229	75	81
63	255	86	67	237	97	135	151	110	143	301	199	82	132	171	74	259	60	94	75	209	145	134	114	135	81	68	266	248
60	250	256	282	233	250	231	93	218	303	77	75	245	201	89	207	86	228	246	108	174	158	61	152	273	96	71	232
247	97	93	62	72	293	204	139	90	220	279	205	163	211	92	111	74	68	112	251	245	181	260	82	74	134	257	300
314	128	62	165	94	92	163	204	218	204	130	113	211	63	85	136	162	248	113	112	132	103	248	318	183	61	133
67	62	155	250	301	204	68	125	169	109	252	93	198	162	134	116	125	115	101	118	285	143	149	170	91	147	112
257	78	84	139	179	159	127	150	105	265	279	259	222	235	75	179	133	221	93	128	345	132	291	85	60	174	188
103	194	163	90	82	93	226	93	223	88	297	115	194	195	77	269	162	135	63	118	125	85	211	165	313	149	134	312
232	215	69	160	80	206	222	112	84	229	87	232	133	270	133	263	187	153	103	106	99	175	272	256	64	215	70	300
240	107	163	126	179	69	147	205	263	231	161	60	134	76	166	77	61	243	250	100	304	123	71	214	204	73	190	61
280	232	235	125	135	61	64	122	90	264	123	143	91	65	253	278	143	213	64	236	66	188	100	187	153	175	122	94
317	155	81	108	70	71	165	129	262	286	129	99	218	108	147	182	95	141	118	152	208	310	258	192	106	131	256
80	271	306	71	72	83	154	98	111	148	264	131	86	155	65	185	96	292	204	77	147	133	170	124	160	250	147	106
100	298	77	160	164	114	70	215	210	194	335	114	285	263	165	175	144	100	102	84	77	132	209	235	99	63	66	279
160	84	112	197	74	155	105	178	190	233	229	173	64	68	218	293	230	96	95	75	87	231	205	194	198	120	138	108
69	140	172	296	161	275	160	267	166	295	128	205	263	112	104	132	224	270	172	314	111	232	97	186	149	225
244	235	104	148	68	211	256	80	224	279	253	183	321	134	152	77	182	306	195	66	112	159	120	96	65	129	280
129	168	153	153	151	90	244	264	146	261	190	135	99	176	296	319	325	60	202	249	99	249	167	103	188	302	204
69	62	86	86	62	264	143	116	100	113	60	195	77	225	105	170	91	152	226	291	179	87	112	105	179	251	271	95
111	164	245	185	81	116	167	136	221	294	140	146	138	144	194	88	108	137	303	89	314	121	213	99	65	119	70
67	80	76	135	113	135	96	195	168	106	84	141	150	70	136	86	158	76	284	174	87	208	106	109	262	253	258	84
150	87	88	241	262	73	70	65	108	163	157	265	319	63	112	144	78	303	209	196	114	95	198	202	66	319	85	138
215	193	207	128	218	91	267	146	111	82	66	68	88	102	306	238	239	253	180	197	144	214	80	246	260	263	287
251	283	76	98	110	122	202	230	95	68	156	63	123	82	209	158	179	269	276	89	141	112	298	273	299	150	156	139
296	247	77	206	208	96	203	208	315	80	77	270	64	147	316	273	129	130	155	184	147	153	61	190	263	234	83	90
234	153	114	62	218	249	138	253	299	224	227	60	288	272	196	331	298	252	67	197	86	257	125	172	75	83	286
153	143	97	118	62	60	71	127	108	324	105	84	116	115	315	158	109	63	66	164	124	167	105	111	188	278	123	109
177	125	161	134	109	83	282	206	125	89	168	226	255	212	191	105	70	75	86	160	116	90	86	142	76	62	280	237
251	177	93	102	149	107	141	261	62	79	113	64	124	96	65	104	203	111	101	242	272	62	104	214	138	108	87	62
73	180	103	105	78	74	181	176	66	149	128	84	123	226	270	172	68	233	294	262	129	216	103	200	91	78	96	261
61	107	111	282	273	165	79	92	80	84	82	232	67	240	108	99	233	238	63	61	112	117	105	210	91	185	240	80	168
221	90	67	83	198	65	96	198	289	298	163	68	125	115	217	107	96	179	71	96	113	95	168	264	299	179	178	297
288	92	196	239	273	62	102	150	143	64	245	152	67	328	251	66	255	139	132	64	98	140	226	288	104	119	179	167
140	120	94	94	65	229	82	175	245	106	244	80	277	130	242	238	89	84	74	102	209	77	102	156	88	83	66	155	61
263	273	90	76	64	85	88	64	317	258	285	84	60	115	165	286	145	145	173	217	65	145	77	120	100	115	191	71	182
158	140	157	227	251	263	68	173	248	257	82	202	70	110	76	86	151	78	131	258	220	136	158	107	281	132	182
248	294	217	227	68	112	178	96	81	151	139	183	60	110	100	110	155	225	301	81	160	194	132	141	164	78	126
66	215	207	79	176	165	130	288	247	67	88	90	203	303	234	144	140	90	117	73	69	72	65	227	274	235	276	301
75	68	94	121	75	192	69	174	84	93	109	60	121	178	115	258	234	77	63	187	196	222	270	64	175	65	211	256	152
97	210	64	65	80	285	266	155	210	280	69	72	204	207	70	108	64	94	67	244	134	270	163	163	81	232	255	149	123
170	135	75	132	143	151	155	146	119	188	201	70	242	125	119	82	77	167	156	80	168	72	285	181	81	61	125	171
302	209	185	142	257	74	75	220	61	260	93	66	69	92	110	321	96	86	65	277	158	135	78	190	121	84	86	234	60
170	79	300	165	220	203	86	181	276	68	257	160	122	194	88	136	254	84	115	220	284	129	91	281	107	121	189
81	74	94	66	277	144	167	76	74	67	62	93	111	73	98	83	112	80	153	121	101	133	122	83	116	111	271	173	80	95
269	76	94	189	142	234	273	114	137	190	81	170	122	60	78	83	66	77	178	320	275	97	137	302	154	89	180	140
207	89	99	70	73	86	74	259	195	267	316	161	60	78	247	327	241	184	66	69	175	296	203	303	69	67	64	114	81
72	62	170	129	147	183	77	63	105	171	109	63	211	66	164	160	73	213	279	296	289	101	79	74	141	64	223	116
112	96	144	158	106	222	77	274	278	214	71	70	144	77	110	96	176	150	118	169	102	95	124	62	128	93	152	220
278	144	82	128	203	246	218	248	262	173	226	290	282	231	99	64	89	128	79	97	78	250	162	157	128	149	293	131
100	240	181	93	136	110	191	66	235	116	127	65	186	125	161	99	102	133	313	280	220	99	210	108	90	176	60	239
313	121	138	239	131	159	82	122	251	163	226	128	104	202	266	206	128	241	249	64	60	138	120	273	216	173	86
66	124	76	96	171	100	111	245	240	196	114	60	206	187	102	189	97	121	235	167	87	85	94	167	163	269	220	236
213	95	153	163	235	135	61	167	312	90	212	131	195	174	229	210	272	255	80	318	263	192	286	279	235	233	244
87	98	81	218	311	290	129	128	255	233	277	295	126	293	222	98	133	94	198	216	215	305	282	177	86	191	203
96	104	163	283	271	87	215	79	154	137	256	256	111	167	250	216	99	95	104	176	68	117	156	80	153	71	77	159
115	122	110	180	87	115	170	80	100	67	260	85	162	280	276	90	82	101	244	136	126	319	277	309	186	75	162	83
63	94	69	301	149	97	85	116	125	240	291	181	80	112	160	99	299	232	132	127	63	65	64	287	129	299	277	71	96
128	67	124	69	102	288	166	202	219	124	264	96	117	128	269	127	152	107	63	253	208	163	267	136	85	74	84	78
212	81	115	172	67	89	121	243	195	236	88	94	87	251	230	256	135	216	239	242	225	211	321	80	217	213	78	154
288	252	255	269	269	74	154	60	143	138	107	98	103	191	128	149	129	96	239	296	207	123	160	96	147	158	143
66	66	69	156	257	249	180	207	321	88	171	211	70	102	63	328	310	83	292	169	100	119	282	103	83	230	235	237
98	78	141	103	119	180	292	131	247	296	159	277	60	135	131	130	240	263	172	98	258	171	70	175	178	60	160
219	91	271	127	118	205	85	61	211	159	91	290	114	63	90	215	283	173	193	262	224	85	161	228	229	249	209	100
265	239	256	168	118	152	90	142	206	204	284	294	267	150	148	68	66	75	104	180	108	140	145	137	173	200	93
68	106	65	97	144	155	268	166	186	128	220	181	65	221	93	197	294	172	117	181	79	93	72	209	73	78	100	62	93
118	108	170	188	266	64	176	261	85	168	180	321	282	251	166	117	97	114	70	75	219	246	245	197	299	70	133
253	165	100	298	200	112	329	257	146	136	78	120	94	186	113	115	277	79	134	113	63	148	276	235	271	262	70
64	275	256	249	116	189	75	169	168	252	238	193	74	89	69	185	74	159	304	99	151	95	219	243	80	64	166	158
72	74	115	86	70	72	233	62	173	94	88	160	95	75	146	132	166	248	258	99	87	245	64	221	65	192	63	249	71	234
159	261	275	110	302	162	291	66	66	168	124	285	226	77	99	121	219	83	198	248	84	116	312	215	118	182	79	169
93	67	247	67	78	140	82	272	62	214	65	237	143	196	70	124	195	163	209	195	67	278	124	197	67	112	81	78	229
68	267	66	121	208	307	158	285	82	134	188	137	75	84	311	249	147	241	133	318	244	300	175	95	95	195	306	182
101	87	118	246	136	175	67	267	264	287	90	109	224	164	126	163	314	108	226	146	139	96	152	110	255	93	129
81	118	201	112	125	182	82	117	147	186	171	120	205	63	173	175	87	183	140	62	148	71	79	61	82	195	158	80
117	258	229	87	72	129	76	204	318	154	240	90	63	177	74	170	134	144	182	105	205	241	144	161	75	70	253	99
138	333	128	116	159	136	184	126	81	308	289	191	105	161	109	73	281	64	180	150	223	275	170	84	268	185	67
242	80	72	205	89	184	75	132	91	251	284	275	76	101	63	86	76	152	249	113	260	244	135	68	154	154	163	211
225	123	107	291	241	80	245	105	178	76	83	99	88	308	203	214	275	95	195	148	307	311	277	246	228	258	241
238	67	61	64	65	71	110	279	96	283	77	113	296	253	183	276	149	176	116	104	186	120	237	227	61	162	277	70
184	228	235	63	112	303	130	71	212	292	68	303	280	61	135	117	78	97	146	251	66	296	168	242	83	143	74	290
299	265	135	83	82	153	132	182	312	190	152	107	100	60	239	127	237	106	141	307	233	68	240	208	90	133	144
141	272	207	176	94	89	181	94	210	164	189	284	75	85	83	66	299	89	74	65	248	225	69	127	123	164	141	224	186
237	210	82	284	161	160	81	218	68	133	260	108	180	88	164	105	121	111	88	77	266	173	122	80	148	93	316	282
277	302	206	98	266	220	65	234	77	281	150	70	97	63	70	144	86	188	84	104	256	97	104	149	61	81	63	155	132
283	267	197	84	179	70	162	141	147	90	169	199	149	64	97	206	230	137	90	119	188	67	233	245	71	242	99	64
306	301	258	132	108	127	91	68	131	264	71	91	147	121	78	86	84	215	78	105	238	235	70	62	214	91	82	291	79
206	80	68	173	272	292	124	153	270	145	227	113	194	193	80	300	288	210	87	95	86	192	236	215	151	105	99	108
190	176	85	65	206	61	98	95	192	61	200	147	70	127	69	219	324	142	114	200	68	134	229	255	193	120	96	284
222	123	69	132	60	62	85	112	132	133	138	120	176	258	244	227	118	83	313	234	66	354	109	70	282	77	186	126
167	292	79	207	87	108	142	287	218	68	240	270	149	85	318	253	114	195	228	96	106	92	115	103	85	147	185	103
136	91	106	95	201	281	65	203	215	101	290	65	302	81	277	160	115	166	137	159	104	90	190	76	89	68	161	109
131	134	68	99	88	227	198	81	125	287	268	209	249	102	288	222	125	144	125	218	78	69	81	233	156	208	130	99
133	198	122	100	266	220	70	68	267	318	196	100	124	206	153	286	247	96	112	83	77	271	99	197	206	203	286
61	67	184	288	130	150	69	242	234	71	301	288	179	103	116	76	186	77	73	68	298	198	64	63	205	60	112	87	67
158	107	179	119	81	112	76	199	120	78	199	227	81	177	91	89	76	98	137	110	230	253	177	68	66	151	63	244	184
121	106	115	66	89	77	297	138	139	71	80	222	173	277	80	212	179	180	65	177	182	269	124	224	243	141	162	159
224	126	230	266	262	256	226	234	178	230	234	210	296	213	85	131	248	263	83	66	153	76	73	73	169	106	65	119
273	248	247	320	292	78	176	117	210	250	116	86	103	212	190	81	241	222	124	261	200	110	254	73	62	304	271
69	277	74	177	83	101	104	115	82	219	77	272	173	212	107	90	167	112	287	221	142	101	149	127	74	268	64	83
247	207	73	295	264	122	70	83	286	269	233	275	206	224	242	86	232	156	63	224	133	252	68	89	101	122	252	68
168	108	70	177	119	184	87	66	60	246	72	158	115	90	73	173	221	156	195	73	214	212	218	91	293	274	208	216
148	68	251	137	170	133	149	294	74	154	91	279	125	92	142	91	131	67	176	222	60	104	280	231	64	151	144	256
184	132	201	168	100	168	257	215	70	179	193	73	199	236	140	240	289	125	133	173	222	113	214	189	316	305
237	259	294	86	112	125	211	75	259	72	117	84	166	100	64	173	104	226	244	277	173	134	125	238	280	269	205
64	296	144	306	243	72	83	116	281	66	222	294	60	244	103	175	235	76	179	62	177	238	252	245	231	60	202	297
131	72	170	69	152	103	236	233	134	63	148	172	133	285	137	188	112	144	132	96	300	112	71	137	78	93	138	68
145	108	150	62	260	182	109	201	218	253	209	72	279	87	96	251	87	218	123	113	86	71	90	193	316	264	184	146
148	107	312	301	69	205	294	73	87	127	160	277	297	149	268	209	137	130	142	124	209	60	170	134	121	135	223
244	162	76	183	313	63	111	85	285	244	261	61	174	136	81	86	71	251	224	83	240	79	208	71	148	169	66	152	121
127	89	284	67	140	94	93	276	103	194	80	78	125	271	300	117	101	230	95	63	85	113	168	117	79	178	144	154
261	206	303	257	157	70	82	64	82	189	123	132	78	213	144	129	116	99	216	102	115	191	159	286	121	92	275	117
69	96	83	207	177	126	61	161	85	229	64	147	152	158	246	67	254	78	227	143	158	94	66	176	190	88	69	128	164
191	241	211	184	234	116	114	76	74	163	147	157	203	68	170	118	80	89	177	234	224	133	94	138	97	253	288	215
85	157	139	179	71	298	130	133	210	104	62	212	92	192	107	237	144	83	208	277	151	81	308	219	204	208	191
92	259	80	192	101	86	179	110	94	105	125	60	247	191	248	133	76	300	143	293	302	176	100	158	323	123	136
138	199	134	109	93	143	67	147	142	109	175	306	140	269	63	90	141	66	106	96	179	73	147	67	152	116	105	127
182	178	69	71	128	130	63	242	143	74	76	87	193	293	73	131	294	87	299	62	177	308	166	266	279	103	73	90	68
80	75	74	116	144	146	90	220	72	297	321	163	293	183	91	151	286	228	169	111	214	72	260	65	71	67	293	239
98	76	129	297	260	174	97	63	130	86	238	65	156	76	90	143	157	183	148	262	238	96	79	155	179	209	142	104
110	96	166	147	244	246	173	279	87	62	310	264	278	150	123	63	167	119	161	168	98	156	96	125	66	238	76	305
230	215	208	67	224	112	85	181	80	61	182	73	175	225	299	179	216	285	144	189	73	240	293	105	72	197	90	229
60	181	270	113	145	259	274	274	194	60	181	285	189	167	288	229	91	173	251	125	248	240	118	140	126	73	138
182	268	165	286	280	83	96	94	217	62	69	70	131	154	106	100	154	105	130	85	94	84	68	70	143	310	88	213	193
188	128	307	80	179	176	181	258	251	76	82	193	270	204	186	93	161	151	133	116	91	164	300	291	129	248	201
163	151	137	116	63	115	145	60	182	202	162	101	304	268	199	308	231	99	64	298	263	109	133	60	292	247	96
180	206	128	127	64	78	249	149	117	141	201	73	246	210	317	167	274	209	93	97	293	261	90	214	295	68	201	203
61	263	267	168	191	193	203	144	78	304	268	93	255	178	169	208	296	96	154	287	127	103	111	208	201	241	94
67	101	154	67	101	221	97	107	235	115	304	260	96	222	182	158	91	102	125	63	148	121	207	158	87	62	72	75
72	145	265	161	231	306	78	96	158	73	163	198	148	223	107	111	92	113	150	286	100	149	232	115	110	131	331
311	199	203	277	180	80	174	63	184	87	149	98	191	235	93	207	268	287	99	299	76	111	62	240	74	141	76	99	81
67	82	60	191	82	64	258	87	236	117	117	76	114	87	231	137	62	61	101	66	276	228	241	128	97	159	73	85	90	179
82	131	127	83	196	121	216	275	118	102	170	221	148	67	122	104	69	68	257	302	281	133	112	250	302	255	193
87	220	283	268	107	202	223	302	127	112	67	152	221	129	123	71	249	167	83	103	137	105	256	148	148	158	69
153	260	140	150	71	99	150	234	174	247	246	142	190	80	79	237	111	152	93	100	61	63	147	150	151	154	104	205
283	83	183	185	108	220	174	153	174	75	85	107	152	96	135	90	74	109	200	68	270	169	177	76	189	235	239	262
190	112	211	103	208	282	249	291	99	114	113	161	103	209	78	96	205	276	297	254	84	273	156	68	79	87	64	112
109	186	106	89	91	164	126	138	63	189	125	219	85	116	219	146	68	83	67	227	82	116	202	70	61	88	89	71	233
239	125	302	61	125	92	276	129	69	209	105	66	83	74	140	104	177	283	225	111	168	185	297	88	106	246	269	241
161	81	204	144	107	98	111	154	74	74	74	200	128	195	173	232	75	219	83	98	91	70	162	75	86	86	65	261	69	115
287	205	74	87	293	125	304	260	66	150	133	131	172	132	287	92	317	237	258	99	64	200	276	176	93	181	313	151
120	90	234	264	160	221	72	122	66	91	77	287	105	263	123	141	100	119	122	141	222	236	63	118	238	235	311
98	143	281	265	69	208	130	185	207	89	246	228	215	146	82	198	83	143	99	124	251	70	61	124	177	139	75	176
72	139	297	64	82	147	127	96	131	114	100	222	134	297	270	166	203	84	295	102	147	261	151	135	112	93	201
129	152	93	77	213	139	255	202	116	168	325	240	65	234	347	189	101	135	225	219	264	217	111	111	247	136	170
256	249	65	193	115	99	301	175	62	129	95	108	171	204	145	320	187	97	72	128	120	259	182	92	243	108	206	217
100	104	127	303	100	207	158	77	131	113	87	172	286	251	153	203	239	307	182	79	67	95	73	131	290	200	104
174	223	92	64	70	218	288	227	236	84	67	100	111	123	295	121	124	73	230	229	77	153	135	65	66	219	82	72	98
62	234	101	96	115	229	160	195	184	246	142	179	246	172	189	95	118	74	194	75	71	84	335	207	88	139	179	252
179	86	182	212	92	87	171	134	111	120	185	288	93	145	62	102	121	63	147	96	81	90	188	177	125	154	226	108
91	170	108	103	125	240	224	181	260	94	132	217	171	76	130	134	300	273	136	61	254	207	181	111	218	173	140
230	60	64	232	246	60	118	161	93	74	83	83	133	155	246	193	108	87	113	65	69	235	103	128	260	90	113	183	112
98	202	282	201	62	124	96	222	254	67	218	184	79	87	78	298	264	114	96	75	166	151	124	270	297	76	64	272	85
197	248	161	78	132	75	265	304	159	130	97	186	304	156	85	242	155	106	132	78	114	81	64	104	60	66	83	77	143
124	277	60	211	150	69	63	69	60	156	202	186	323	252	85	98	168	102	186	74	106	65	81	147	76	63	130	114	88
72	115	90	202	79	78	256	79	75	111	125	73	81	186	261	117	316	249	236	104	162	103	294	75	174	252	75	76	116
283	224	305	270	107	112	183	180	60	136	130	186	77	219	112	269	77	120	240	201	228	102	87	94	118	102	155
129	72	220	99	214	118	113	290	225	124	293	239	63	136	137	222	128	283	221	328	115	135	160	190	188	212	297
290	218	168	266	173	110	168	115	107	292	322	238	266	156	75	72	216	101	228	74	247	251	103	195	142	263	72
264	207	253	77	286	113	186	62	134	89	146	124	68	107	120	217	280	113	141	242	274	93	220	120	60	140	144
139	295	265	266	190	93	164	248	322	158	95	257	65	111	289	91	76	245	260	256	62	157	142	80	183	244	186	79
85	83	120	196	290	126	275	70	137	73	131	269	151	63	86	62	126	62	178	82	179	220	132	167	200	131	172	76
229	266	84	239	123	250	138	156	235	287	91	80	168	122	167	119	132	297	81	158	253	274	186	143	250	280	133
81	101	223	297	288	114	96	98	98	140	191	266	195	208	279	256	274	264	211	278	73	69	167	146	69	66	87	123
88	64	197	93	169	109	69	145	173	237	61	112	283	202	97	210	149	152	133	90	259	235	178	226	264	149	68	71
274	73	185	113	140	159	147	87	101	73	274	136	87	99	107	184	337	215	215	65	170	318	300	108	67	172	65	77
74	172	283	262	92	126	311	273	173	61	112	72	260	195	87	150	98	171	62	156	153	240	306	331	282	80	182	289
218	92	285	65	176	132	210	63	284	218	74	244	308	62	63	85	79	107	81	136	281	285	153	91	73	148	137	76	151
262	192	245	256	62	123	266	260	118	124	300	236	105	127	66	288	130	94	162	196	209	82	210	212	120	80	115
217	234	62	93	119	61	132	76	63	153	156	92	63	206	70	140	128	90	125	68	73	65	185	271	255	74	132	130	243
129	186	124	134	64	85	79	88	240	244	78	69	166	311	132	128	220	70	141	105	88	84	166	164	204	71	175	74	98
79	72	208	61	139	151	260	152	107	140	246	78	170	259	206	201	238	67	207	285	96	76	132	136	123	150	189	81
262	145	69	247	204	163	179	97	105	165	66	223	146	82	63	258	119	126	135	75	216	213	251	108	186	105	87	188
104	158	68	142	63	114	123	201	300	140	107	97	180	88	112	93	158	311	112	195	194	181	67	112	324	213	167
185	78	83	285	186	91	289	258	291	63	90	106	138	102	238	117	64	103	66	76	185	65	132	192	266	160	160	271
280	164	61	94	148	104	185	103	159	92	68	131	124	70	73	192	87	62	180	67	316	299	236	187	115	212	167	274
159	72	181	110	109	140	150	175	127	235	85	71	83	66	254	214	208	90	70	231	251	139	94	330	244	85	159	88
156	108	191	250	141	261	98	101	171	196	77	135	114	202	118	101	80	145	106	140	325	269	91	310	143	114	96
123	109	101	80	193	107	129	88	149	107	235	98	154	139	70	95	71	70	185	62	75	147	128	83	214	87	190	79	151
79	130	132	279	113	230	297	61	285	210	158	146	290	123	94	258	160	74	208	78	204	154	239	110	76	116	95	161
238	72	133	134	92	72	100	120	71	297	78	66	304	225	194	85	295	287	61	132	138	196	70	258	283	264	228	241
268	143	145	214	153	96	208	74	168	152	277	131	71	246	252	61	293	289	112	108	266	99	242	243	227	83	125
64	171	99	92	225	313	263	93	105	324	172	123	140	70	97	270	256	274	225	211	187	86	85	106	122	95	273	60
186	166	103	142	227	127	147	138	123	279	101	70	76	67	226	309	162	147	262	72	86	293	310	205	105	110	277
213	283	235	177	111	67	178	261	71	143	63	195	83	132	219	147	101	176	90	157	67	228	290	236	149	218	96	107
177	110	124	266	111	174	312	88	232	204	68	99	83	69	79	212	157	84	125	198	109	68	80	87	181	62	177	121	129
135	77	206	61	63	150	221	316	248	248	206	112	85	120	80	240	307	139	139	143	135	83	97	230	130	62	141	141
117	105	257	66	60	123	297	100	102	66	244	105	108	120	162	100	130	250	83	95	68	164	119	133	109	217	151
92	64	276	146	109	81	118	201	126	301	289	233	249	78	216	292	237	191	198	72	217	97	270	134	76	227	61	106
76	101	129	141	164	100	156	79	149	64	184	221	90	143	219	95	286	252	187	273	163	220	198	62	189	200	103
233	232	251	234	287	179	279	61	166	270	88	114	292	172	82	126	82	79	196	204	90	75	248	222	205	263	295	174
251	255	156	89	193	64	103	224	226	199	125	91	95	200	194	270	186	222	270	252	63	100	64	285	307	283	227
98	100	91	242	62	181	305	172	301	304	310	75	288	299	301	146	92	63	292	249	84	198	79	131	72	316	161	135
123	128	70	62	168	147	146	110	248	274	86	314	307	242	78	181	115	223	77	61	281	105	207	301	103	183	247
288	72	162	87	67	112	151	129	151	248	300	101	191	156	155	96	241	133	214	248	205	283	179	117	90	130	245
61	128	96	93	145	163	76	148	74	293	290	78	102	87	95	229	74	151	63	246	219	225	76	197	155	60	64	297	149
212	117	346	137	94	79	224	97	76	84	75	164	71	226	109	94	235	263	71	321	227	257	246	239	272	230	229	229
267	151	171	126	73	90	226	102	149	297	294	288	67	151	293	88	165	278	70	190	66	240	216	222	79	113	71	68
81	76	63	110	114	169	66	277	169	121	109	172	82	287	102	107	214	77	161	108	70	91	180	108	159	81	123	233
114	259	152	101	98	238	192	63	198	230	91	162	184	106	301	118	137	74	81	62	106	242	147	202	157	284	117
190	79	233	253	71	112	144	176	218	156	70	220	115	67	114	233	281	195	220	71	76	159	86	213	99	109	82	77
258	205	149	318	120	164	66	112	250	158	200	60	141	69	116	80	257	227	80	63	144	171	329	272	200	135	145
84	62	93	150	92	212	132	203	172	128	80	96	63	124	117	290	64	173	74	164	68	155	130	189	84	110	62	283	265
221	149	132	145	268	293	84	107	61	251	210	98	165	121	282	313	85	85	137	228	279	81	245	214	142	171	150
102	104	125	206	104	283	66	303	90	106	122	270	65	226	142	174	178	128	144	296	191	203	62	110	161	144	81
246	138	72	141	68	70	213	219	283	288	188	68	73	72	62	77	218	174	81	99	117	288	106	146	113	170	291	74	116
81	165	153	220	64	191	100	225	63	113	281	180	64	200	294	77	184	123	82	121	225	141	299	296	105	91	60	238
138	112	178	219	253	142	138	105	209	110	246	157	110	231	78	158	314	140	107	167	286	267	209	225	283	296
134	297	73	155	194	164	222	69	158	307	111	255	153	293	161	192	130	265	110	142	69	69	73	92	175	105	128
84	66	84	200	91	167	119	65	307	279	65	193	240	80	87	189	147	109	166	179	169	190	270	128	75	237	65	244
110	279	150	149	135	104	72	133	176	200	137	76	129	290	160	84	63	269	233	274	240	301	198	192	63	230	248
121	161	197	185	233	279	122	76	296	208	68	102	214	236	243	117	77	309	325	61	222	131	138	182	138	87	64
162	111	86	90	136	281	92	137	89	169	303	182	219	70	235	181	296	93	75	72	99	64	99	226	157	158	248	189	95
235	104	117	246	87	260	316	170	74	219	134	60	76	158	320	203	165	141	94	77	264	183	63	204	287	114	164	122
275	137	108	272	283	277	240	121	77	258	78	88	262	98	347	236	78	93	230	238	331	60	235	305	285	226	132	71
252	258	170	96	189	227	85	190	232	155	150	261	208	61	231	292	300	97	67	124	137	192	114	67	80	109	256	266
98	134	144	66	143	197	226	109	95	174	265	115	105	249	63	185	79	189	85	114	60	266	80	218	86	144	73	180
313	135	60	91	61	103	75	230	83	210	214	75	116	67	171	222	225	285	138	181	145	145	160	149	66	145	64	142
81	71	114	72	122	110	235	164	109	168	99	205	274	154	259	131	67	202	122	138	170	69	162	88	61	236	263	180
302	249	122	66	157	85	77	296	270	172	77	87	186	188	127	81	82	91	97	102	136	93	162	111	279	93	201	242	182
101	129	138	201	169	140	181	64	204	224	144	60	147	200	92	245	313	245	192	65	245	89	179	64	119	123	96	196
248	241	93	86	301	201	206	103	152	129	228	72	176	65	225	85	89	136	163	61	113	78	273	226	189	234	103	95
77	266	204	204	132	292	200	285	137	105	186	117	72	62	103	69	296	75	189	128	160	89	100	67	66	69	107	93
83	259	185	90	224	143	173	72	175	61	90	90	235	173	226	283	97	115	201	135	128	296	136	135	176	184	72	97
82	285	255	111	156	94	158	122	174	98	62	154	235	155	243	70	202	222	107	205	65	251	242	61	130	281	99	169
212	88	81	308	182	60	172	119	197	63	98	148	272	277	142	151	224	269	66	145	127	257	147	61	238	160	319	170
67	161	67	77	173	107	254	233	238	61	170	109	110	74	159	110	257	65	198	137	99	64	319	166	142	73	164	66
74	103	90	145	283	263	288	191	202	144	89	174	184	102	216	129	80	131	113	160	222	135	157	180	164	94	247
279	290	289	71	206	285	117	240	62	137	237	124	118	64	78	69	152	117	227	336	268	123	99	81	71	107	164	142
155	82	88	99	206	87	213	145	124	241	293	145	139	151	94	134	86	110	74	96	65	189	256	238	70	314	178	82	76
163	263	121	73	152	61	155	156	134	165	247	113	176	71	301	298	240	229	164	311	265	113	146	195	156	134	317
77	130	299	258	92	167	125	89	299	252	153	84	91	65	289	109	237	203	87	229	68	153	131	121	111	200	319	92
106	72	153	184	123	327	191	129	62	119	177	304	69	102	95	150	262	230	97	118	97	74	154	79	167	132	75	244
256	65	316	114	122	268	66	242	92	65	352	136	105	133	67	232	181	225	142	69	308	246	87	203	178	116	125	95
112	71	116	79	64	227	266	121	64	119	148	163	275	278	163	190	102	156	296	61	249	108	64	192	174	288	67	251
153	102	63	255	307	189	175	228	99	141	134	200	244	84	83	81	301	114	242	69	228	75	110	111	64	108	180	66
237	244	224	96	309	153	110	135	266	79	118	231	238	214	155	117	214	212	193	138	226	62	246	250	88	84	83
179	83	88	66	165	140	188	101	234	157	87	312	138	75	89	87	82	116	163	67	92	152	158	233	215	67	111	122	95
263	133	92	165	94	69	207	163	84	142	272	165	249	144	189	104	97	146	73	188	82	129	161	167	133	184	298	79
69	99	111	246	114	73	237	153	95	93	235	122	83	81	116	261	211	124	99	296	313	147	87	229	94	256	113	69	185
110	83	93	155	278	137	251	178	130	85	163	215	224	95	124	115	110	102	263	61	217	334	285	198	139	275	104
299	286	111	153	190	117	139	126	213	63	225	66	212	74	300	303	73	74	240	189	74	283	324	77	186	257	60	232
276	123	192	201	179	174	254	292	206	224	219	325	172	235	264	111	124	252	92	87	76	105	339	67	213	112	69
69	246	235	62	281	113	89	233	251	60	118	248	85	222	162	77	64	103	301	170	236	228	196	68	105	196	216	125
160	193	261	67	243	264	156	162	109	140	62	143	93	224	63	84	131	203	110	128	259	85	236	86	142	226	245	294
70	158	62	185	135	206	271	257	164	188	139	133	293	131	141	271	289	126	107	274	261	290	239	83	163	281	225
60	246	83	66	265	252	69	278	62	69	91	87	99	64	242	70	167	290	68	249	76	143	296	296	121	129	285	237	122
190	301	288	142	160	282	294	105	221	317	180	211	254	219	248	227	143	157	63	169	81	159	238	211	106	69	309
124	129	127	236	301	309	257	88	153	150	171	128	175	222	136	99	148	138	292	233	271	192	90	159	61	66	216
107	135	93	270	244	117	160	221	65	92	113	109	293	164	150	117	286	303	233	255	270	213	86	157	100	290	190
106	85	240	218	153	97	110	142	151	224	228	182	296	152	78	293	296	242	62	219	270	64	164	273	269	253	301
261	286	280	279	193	108	88	118	301	140	80	87	84	113	62	273	231	190	70	79	64	212	67	253	246	162	302	176
133	174	165	82	69	132	106	92	209	78	232	174	153	143	133	127	69	114	73	278	244	238	76	167	320	93	143	315
198	204	61	181	294	158	216	114	71	74	282	93	86	219	92	77	251	68	233	61	142	136	77	345	83	226	74	297	72
98	246	257	166	120	119	137	94	75	119	270	206	76	83	300	243	67	251	222	266	168	72	271	84	221	262	172	131
251	299	186	80	131	104	160	109	94	180	68	72	73	178	73	278	133	133	116	156	276	161	74	294	89	63	227	317
93	134	120	145	141	326	397	137	129	218	113	108	126	143	75	191	293	80	178	315	300	71	166	443	263	73	222
90	150	91	140	204	202	69	63	145	107	187	285	67	126	129	299	123	81	218	96	98	174	120	190	78	289	256	274
113	126	99	316	166	148	146	106	81	83	221	94	277	138	106	84	65	247	242	229	135	183	97	80	194	137	112	83
190	63	211	159	67	74	184	120	92	110	170	143	101	93	249	61	150	70	132	219	312	225	267	248	72	109	101	72
110	103	167	67	189	217	321	143	243	245	304	193	75	131	299	208	80	150	60	192	96	203	276	218	94	194	125
86	101	99	75	61	331	106	185	154	66	191	86	135	118	282	240	276	79	209	61	79	165	112	131	93	161	275	65	82
234	157	153	133	157	76	138	155	184	118	68	233	191	141	289	288	265	67	60	85	124	185	101	223	62	294	63	154
120	67	122	192	75	119	192	245	164	89	74	136	129	96	114	104	161	88	225	310	134	89	68	138	62	252	61	155
75	158	203	64	161	231	244	158	106	89	61	157	89	162	244	194	215	321	225	291	77	197	143	322	81	82	68	66
87	61	171	183	183	107	197	101	73	216	86	241	246	71	232	84	185	130	88	194	86	112	74	74	94	239	192	243	88
116	203	295	156	109	181	121	294	256	107	88	266	242	110	215	255	122	124	168	297	81	92	86	289	156	204	63
255	288	252	213	199	100	84	319	302	157	66	127	258	244	88	178	109	292	114	133	93	66	206	143	68	231	69	97
90	162	94	113	176	72	202	72	69	226	241	195	266	69	81	235	275	180	200	206	275	154	75	106	107	81	170	86
159	112	295	277	313	147	288	161	81	183	127	212	60	157	116	190	86	81	175	86	151	142	208	305	189	98	309
174	143	65	249	93	148	263	189	162	108	149	61	155	83	122	280	259	247	255	70	134	171	260	273	180	122	78
61	95	181	87	194	66	77	178	100	264	261	204	72	172	65	282	60	186	100	115	257	145	135	204	140	205	263	283
198	107	88	203	62	109	135	74	222	67	164	271	244	61	177	259	297	309	67	213	99	64	97	217	87	84	91	326	60
267	115	205	261	232	265	170	124	68	74	107	70	211	72	152	77	104	164	212	138	219	275	65	90	100	132	247	93
286	104	123	95	143	266	71	95	120	87	70	138	300	67	186	233	131	171	273	241	62	229	163	61	74	285	301	229
74	158	144	299	89	190	220	260	72	100	101	141	161	77	103	100	156	149	66	85	126	71	108	73	266	262	194	81
103	152	287	64	284	162	62	169	134	159	87	291	318	213	124	157	171	111	125	157	181	259	83	66	94	70	179	130
110	87	107	128	150	81	204	150	86	73	307	249	79	91	142	288	141	88	167	109	148	207	211	210	69	191	293	212
234	135	70	172	82	174	88	95	168	163	114	142	71	105	179	77	66	157	60	72	319	103	76	60	72	209	245	191	253
135	63	184	99	61	73	74	110	80	74	68	125	104	284	334	131	218	93	149	149	99	138	63	139	118	269	152	116	95
77	289	288	67	218	288	151	166	215	206	157	124	288	105	217	230	72	83	127	163	181	85	216	99	109	153	272
201	74	115	172	60	172	90	113	83	64	211	80	137	81	61	68	111	81	139	162	303	126	66	93	66	273	149	209	262
294	194	78	177	70	171	214	139	96	257	259	99	280	130	140	96	199	271	302	154	71	309	94	71	68	170	140	174
132	237	255	282	278	185	160	196	303	276	252	202	84	63	65	67	100	65	115	89	84	188	109	69	163	128	171	175
91	296	308	85	82	170	308	273	136	116	190	177	66	120	69	180	98	155	123	232	143	224	175	155	292	147	190
66	168	299	186	105	269	291	198	62	257	83	181	88	64	182	149	116	281	155	104	199	241	315	212	143	87	150
164	70	243	317	114	115	82	132	62	248	302	70	121	248	164	277	213	79	288	274	155	161	135	119	85	104	125
115	75	123	165	61	77	165	134	112	137	134	64	242	210	220	161	75	233	68	183	144	158	227	276	303	74	136	315
105	203	241	279	247	111	70	201	280	268	242	78	72	201	120	154	211	282	148	271	249	132	120	181	146	144	83
66	153	286	109	158	216	309	320	305	238	262	136	75	82	86	61	175	261	294	231	81	102	243	81	222	206	86	130
243	87	107	70	123	159	256	82	228	64	219	78	70	317	69	195	89	81	99	291	73	69	68	274	136	93	134	175	167
78	254	180	107	198	105	261	173	242	166	91	73	65	60	160	169	233	258	141	178	270	166	86	88	192	95	199	178
115	123	179	199	108	271	228	284	253	165	137	205	72	169	126	115	229	125	222	91	62	60	294	179	90	120	144
74	305	299	199	216	76	271	180	76	120	96	243	247	149	158	161	93	321	194	188	98	132	115	183	80	135	77	60
228	146	65	168	262	167	106	130	125	227	314	92	80	132	98	73	111	82	108	146	291	103	161	162	145	81	128	80
297	182	296	156	87	211	102	113	163	223	239	268	336	129	126	108	251	215	75	95	73	145	81	86	171	241	286
136	252	287	64	138	132	124	105	206	201	112	299	253	199	112	319	226	133	237	69	111	135	99	73	234	170	64
170	73	163	71	211	298	100	325	189	81	164	157	186	202	100	108	72	249	303	109	158	84	71	203	168	112	274
209	206	63	230	224	62	70	103	273	291	102	67	101	123	64	125	69	116	109	183	85	259	123	160	127	62	105	225
173	250	104	201	114	225	209	265	297	123	99	67	202	93	73	131	121	164	169	83	228	100	107	77	92	104	91	83
143	93	215	270	295	71	116	233	290	107	73	60	173	76	291	107	156	108	248	193	74	261	122	183	118	226	66	187
190	76	217	70	232	254	160	196	202	91	248	263	78	254	295	230	267	91	62	113	170	82	297	270	133	65	152	116
176	66	278	113	134	77	98	289	93	63	294	303	271	67	111	274	296	133	69	276	86	260	83	65	80	227	86	331	84
256	287	195	164	299	74	210	98	224	67	64	195	268	244	156	86	97	86	236	69	151	244	194	90	129	82	142	126
114	65	151	78	188	215	85	154	168	88	102	157	172	143	130	66	72	69	66	216	186	85	73	230	72	151	127	250	326
92	64	122	64	227	257	64	185	295	148	135	82	132	83	225	80	167	141	91	76	88	83	286	60	195	241	245	85	109
61	157	93	144	118	270	143	165	71	319	297	231	281	135	157	124	233	61	112	261	70	188	167	97	131	126	245
215	87	226	326	241	73	138	249	81	137	85	106	183	76	113	131	66	64	70	140	70	198	285	208	296	122	144	217
76	312	69	139	104	224	76	233	153	160	248	266	255	72	263	322	71	164	160	64	182	98	147	113	268	135	243	128
97	72	162	189	179	197	226	165	60	113	68	63	161	120	80	175	124	148	126	258	189	122	280	63	122	184	161	120
91	90	76	238	290	102	119	102	74	69	105	91	184	257	269	133	118	252	103	207	84	291	290	112	145	99	90	84
302	231	171	285	203	142	179	121	73	76	288	262	180	134	91	130	119	119	162	85	126	119	147	305	62	95	79	87
73	81	249	186	266	190	90	120	99	66	215	97	314	114	78	89	279	200	65	99	154	234	218	86	68	270	150	68	220
166	112	85	85	216	205	78	136	304	65	150	77	223	222	88	93	287	212	280	174	110	63	128	71	307	138	149	175
68	245	242	200	312	311	158	93	127	173	244	308	190	222	254	64	151	272	97	175	183	109	167	129	199	71	100
64	236	95	300	194	173	206	207	130	154	94	80	62	154	141	133	208	132	240	202	257	209	73	100	284	66	92	206
160	149	199	200	143	98	68	113	200	97	127	303	281	280	123	307	141	98	174	120	92	97	123	72	103	145	87	220
283	163	64	295	87	118	283	282	149	132	121	165	62	69	93	70	146	81	119	221	286	251	215	267	145	115	210	139
154	274	285	151	119	189	275	166	302	274	148	306	99	107	105	238	140	177	80	211	189	121	226	108	120	139
67	139	113	199	65	95	233	203	250	64	125	60	258	153	61	65	114	78	224	119	68	137	132	70	135	69	249	104	190
111	97	107	209	66	270	232	216	234	179	264	73	165	160	300	205	152	103	210	60	120	134	85	249	66	166	265
204	63	212	206	79	286	173	309	243	243	254	177	61	289	88	74	205	162	73	276	113	79	324	196	255	82	261	136
114	64	222	206	235	249	263	286	244	95	138	204	151	126	106	116	172	99	299	105	97	301	292	289	259	136	153
281	262	79	240	122	99	270	272	118	91	143	96	120	299	77	213	92	112	193	81	281	250	111	144	88	117	199	98
109	243	278	253	156	171	169	238	161	119	275	232	92	297	119	208	269	214	121	209	189	97	61	151	154	255	83
94	150	131	109	281	228	126	121	289	266	319	124	98	147	107	319	131	133	161	65	72	277	90	86	68	75	91	172
61	224	87	293	312	235	216	80	150	120	130	158	103	123	139	252	64	80	196	80	213	97	62	164	304	73	113	245
89	291	96	208	88	62	77	308	264	93	247	95	154	83	64	147	91	82	67	65	122	94	84	285	283	282	124	85	154	84
248	120	233	240	191	115	127	107	167	315	122	98	278	76	108	236	65	113	98	233	198	113	175	175	62	68	288
342	209	115	69	109	195	291	132	119	116	288	142	194	213	292	195	129	88	232	236	204	199	77	272	87	115	232
79	80	68	67	129	216	154	61	124	185	66	288	159	65	191	66	145	148	73	137	306	62	116	100	149	67	98	265	298
126	85	64	69	74	100	317	73	62	61	211	243	279	184	196	64	218	89	257	73	219	102	238	70	146	70	95	164	74
235	211	74	191	331	130	62	220	268	180	326	165	128	104	102	187	111	234	134	231	216	105	87	171	281	62	271
73	245	116	110	122	135	67	106	158	69	125	209	223	72	264	60	66	150	210	123	223	268	234	129	61	191	306	108
268	307	124	185	295	142	157	147	144	235	164	68	90	186	187	121	98	179	207	300	268	248	60	301	254	84	64
60	144	123	83	66	114	142	117	88	162	120	91	98	237	310	274	249	323	250	80	149	175	83	315	123	244	134	87
234	294	61	234	268	92	102	292	229	123	141	163	184	107	75	70	311	284	148	96	215	73	330	182	72	97	171	91
281	227	268	82	84	68	244	204	122	85	321	99	63	252	285	261	233	97	246	217	311	195	295	193	121	90	216	251
101	208	204	212	99	212	283	155	257	253	179	184	74	156	161	153	188	233	242	98	225	284	235	123	138	72	150
154	142	162	143	145	124	132	64	294	135	78	63	157	99	184	118	72	290	81	63	99	216	113	263	275	308	282	77
197	94	240	235	69	199	261	190	73	270	100	266	244	67	297	69	66	93	77	66	63	293	115	217	239	143	78	222	238
61	210	298	68	127	234	299	91	119	67	260	314	230	133	149	92	78	209	287	81	143	184	70	200	180	239	270	109
225	95	160	270	99	64	82	302	291	156	67	137	163	118	291	93	206	173	320	218	115	222	272	240	77	162	234	67
88	131	148	261	209	201	71	233	199	295	191	82	126	274	262	127	105	242	91	176	226	63	234	77	329	193	110
155	158	107	69	292	308	263	84	171	125	162	240	79	163	98	178	70	178	80	300	295	282	121	75	290	291	220	295
298	87	75	287	124	104	122	94	70	221	157	111	214	136	154	116	228	247	106	89	239	179	128	135	77	123	159
71	173	195	117	231	269	181	86	163	95	78	108	117	63	88	191	179	110	309	197	108	232	73	126	106	68	167	87
170	108	151	234	72	189	138	172	152	85	96	234	225	266	66	153	88	227	249	116	196	209	265	216	185	321	202
90	103	117	193	70	65	130	110	199	108	70	107	240	77	61	115	124	196	90	97	265	214	189	111	131	75	144	147
141	224	220	102	79	242	77	156	78	247	169	87	168	67	171	271	220	261	86	233	254	71	88	163	269	88	208	99
160	153	143	239	192	200	90	264	255	203	67	88	277	279	203	101	101	206	251	94	80	215	171	80	129	67	145	120
263	301	142	207	108	320	328	185	191	73	74	87	183	78	162	146	313	307	294	160	215	67	172	92	142	97	67	150
162	141	125	79	234	268	180	125	93	163	100	225	209	218	145	261	107	228	85	93	94	116	309	308	64	66	66	232
237	119	235	300	171	72	239	224	89	98	248	215	66	202	79	118	174	188	87	96	100	107	203	117	63	150	166	75
101	221	139	82	198	62	143	309	137	89	251	250	95	251	167	67	278	158	291	119	63	107	82	164	302	100	112	66
99	201	83	137	211	175	118	219	91	285	248	321	82	133	151	90	122	83	259	256	275	120	241	164	155	104	107
281	199	127	168	314	77	61	170	111	306	176	137	119	75	147	109	77	95	71	153	289	137	71	304	79	206	167	177
117	170	167	189	193	208	304	174	115	295	108	188	92	186	308	292	177	92	118	119	123	94	286	256	122	100	148
71	147	248	119	157	148	194	146	150	182	147	84	155	211	67	125	83	179	105	160	109	87	139	84	166	90	72	68
164	93	81	99	324	122	219	122	124	300	114	81	149	295	275	109	277	276	142	124	180	72	90	82	75	266	251	125
60	191	233	177	110	286	279	144	249	254	62	112	84	321	122	144	91	80	316	249	271	324	211	144	107	178	170
128	131	96	103	165	177	86	201	62	274	283	144	288	189	88	203	81	180	106	244	60	117	229	77	106	314	217	161
67	271	94	94	78	215	99	64	228	169	73	157	91	152	215	212	270	96	151	243	67	108	151	196	298	231	136	88	135
153	125	198	213	115	170	63	88	269	141	117	175	99	116	80	87	72	85	147	131	110	148	145	319	242	197	175	194
89	71	76	280	194	273	83	147	290	97	260	102	133	255	84	156	106	165	285	152	78	312	98	73	128	192	201	63
85	73	154	193	94	67	168	222	204	91	269	307	330	316	91	116	216	74	148	62	67	203	60	243	125	171	83	68	97
240	95	63	93	126	334	101	86	71	83	66	324	271	276	157	96	218	148	62	242	199	198	140	238	99	314	160	70	299
149	204	88	78	275	305	99	64	103	213	121	202	61	74	84	270	285	212	170	113	321	67	66	178	62	63	177	106	209
204	214	69	78	61	148	74	149	192	165	236	254	250	126	100	274	152	114	231	138	304	320	246	241	341	284	61
242	109	177	142	78	135	62	95	163	147	75	84	249	267	158	94	272	83	68	62	83	99	96	234	95	101	137	74	230
222	248	174	100	136	97	290	278	246	313	213	79	85	84	83	112	120	164	74	219	271	213	185	109	87	150	157	128
60	148	133	222	65	62	278	164	89	161	115	175	79	156	64	166	83	80	193	178	121	286	365	63	173	100	64	200
134	81	214	203	85	73	147	63	206	136	156	124	78	327	277	330	279	143	182	192	100	102	124	267	236	83	129
285	101	177	85	96	162	235	237	89	206	280	179	172	76	81	95	153	141	258	62	341	274	129	165	127	93	63	91
111	125	305	214	259	238	87	112	247	101	104	218	93	216	98	144	130	200	71	135	155	236	124	142	167	246	88
67	162	158	118	93	234	216	252	65	294	190	65	249	80	72	126	81	120	160	124	159	75	101	327	124	75	201	175
179	237	143	289	319	212	77	140	175	66	258	145	149	307	218	274	77	305	69	71	317	96	137	174	71	244	219	293
88	201	266	183	60	214	263	287	78	148	305	245	76	102	123	61	64	176	97	78	74	104	193	292	198	112	100	76
172	235	209	241	131	119	105	73	66	181	156	297	189	63	259	133	188	150	160	146	242	66	187	80	88	66	96	74
312	281	272	304	81	135	87	171	82	127	200	90	101	129	117	184	168	173	99	63	67	101	195	68	146	65	244	94
133	242	244	265	150	140	106	207	306	296	291	161	97	96	191	102	148	122	218	281	210	289	234	256	307	296
150	127	117	145	176	75	81	227	169	142	218	212	206	189	79	152	214	193	231	117	131	145	84	232	248	286	173
79	212	101	136	306	183	74	233	232	311	87	194	158	78	60	71	218	248	83	120	232	77	73	236	233	62	109	132
177	83	296	66	227	173	111	83	66	159	160	65	271	167	114	128	116	170	64	179	144	300	62	153	80	93	160	78
75	252	139	90	126	120	83	298	76	82	198	180	122	69	139	65	142	83	140	260	165	244	241	267	86	73	291	160
85	99	262	103	96	302	230	244	274	209	232	162	112	141	245	278	138	142	244	237	88	63	73	74	160	82	172	221
82	92	103	110	134	102	247	97	73	169	214	297	111	79	248	302	100	107	302	196	153	89	206	83	148	242	132	182
128	108	282	180	275	299	302	132	174	79	163	79	174	81	149	108	231	324	113	237	64	88	173	128	105	311	159
153	104	122	71	93	105	145	186	61	67	73	171	125	131	93	83	108	64	198	93	157	196	107	254	179	127	309	165
133	70	65	183	69	96	128	104	175	149	71	228	294	195	193	282	71	72	171	94	75	168	215	78	68	174	219	65	254
64	74	75	82	218	213	76	129	231	228	77	234	206	192	152	183	97	104	244	186	104	198	72	74	90	162	243	93	76
201	155	170	211	155	110	165	146	134	286	200	196	150	234	145	87	122	87	159	272	176	102	72	150	116	233	296
201	288	257	209	96	97	75	136	67	123	133	162	246	222	116	185	206	70	80	280	208	132	61	60	121	114	127	91
317	98	66	132	214	142	70	79	168	68	69	215	197	85	298	146	82	298	180	130	236	177	266	112	79	162	166	250
285	289	100	97	136	112	272	110	252	198	250	301	177	205	148	102	171	79	167	87	189	215	187	76	73	60	153
101	219	348	241	195	62	215	77	66	188	118	109	275	226	188	119	68	89	62	119	249	165	64	302	112	130	77	97
85	137	136	71	191	147	101	283	261	195	252	138	143	275	193	336	133	270	153	81	65	94	139	135	177	114	69
104	70	105	185	310	72	137	206	75	66	244	150	158	74	95	82	133	279	314	91	173	232	286	120	141	100	129	75
88	204	87	177	244	267	161	285	78	94	267	160	299	254	61	221	64	184	138	69	83	227	64	227	82	211	258	123
109	108	114	65	85	95	320	63	158	79	79	196	144	75	208	82	72	298	78	229	267	175	158	105	93	246	292	268	157
197	125	111	213	238	214	162	76	86	82	185	272	253	133	140	241	176	206	89	136	310	203	92	276	60	105	118
134	254	137	129	107	150	172	177	104	147	107	240	311	262	73	239	169	322	295	103	263	252	146	133	138	123
231	249	247	83	66	86	257	267	186	227	205	133	241	119	300	169	223	238	167	80	169	90	101	61	97	145	89	311
78	172	316	205	115	90	182	288	169	125	98	155	142	270	148	89	74	96	94	180	78	207	64	136	281	81	62	66	82
115	171	206	221	64	89	79	110	225	60	148	97	63	135	114	244	64	242	195	285	232	72	80	164	112	179	118	306
260	194	253	145	150	112	274	119	293	285	84	124	260	159	118	234	101	182	99	156	61	280	100	95	60	106	85
83	99	306	206	294	278	222	166	128	78	72	137	210	186	80	69	217	145	211	254	328	69	142	135	96	63	178	104
85	223	278	235	289	294	185	143	165	248	101	156	64	78	119	156	91	149	223	81	202	281	117	156	137	208	246
91	85	168	76	139	164	108	122	184	276	64	296	224	247	286	215	124	92	77	68	90	308	68	105	107	130	91	318
108	295	103	309	189	72	67	91	122	86	188	106	93	286	91	293	266	238	159	139	257	156	62	172	120	118	130	243
75	72	110	68	136	169	200	61	313	99	63	254	76	73	179	78	102	170	153	152	67	259	77	82	70	243	91	304	200
153	220	76	76	70	121	119	78	275	83	73	325	82	106	267	176	64	72	78	238	170	239	123	181	62	62	63	63	109
86	193	119	92	72	154	62	154	128	147	272	83	141	300	258	250	240	97	159	203	84	260	150	133	146	73	277	223
128	75	77	150	70	117	70	81	108	170	69	92	252	241	232	331	203	164	130	98	111	106	72	203	76	76	63	62	98
121	131	151	170	195	132	265	112	109	87	103	199	164	141	64	228	130	73	158	192	228	263	131	312	174	306	127
207	73	156	170	104	186	84	68	195	145	139	301	285	287	301	84	191	172	182	88	299	125	154	124	165	295	73
167	198	68	135	109	118	227	198	281	165	74	106	178	331	64	106	101	155	256	89	147	284	269	62	118	213	230
70	103	73	183	66	69	196	72	210	173	82	239	126	129	77	155	167	86	85	99	114	149	84	232	160	90	292	197	115
312	145	135	275	135	105	142	134	249	155	188	73	179	199	303	250	172	80	165	181	71	204	164	141	209	276	259
159	124	159	278	251	100	142	103	87	76	63	147	131	155	136	165	155	67	290	264	166	66	88	189	91	117	108	124
179	283	112	125	251	107	304	152	73	274	289	252	62	168	125	228	110	75	86	60	91	141	90	189	170	106	117	68
272	81	241	290	76	182	96	185	80	66	159	141	84	117	195	218	89	338	277	157	69	108	70	75	154	264	90	61	178
209	239	309	197	277	192	104	97	102	90	176	150	172	295	61	169	123	97	75	210	153	183	225	247	201	80	287
297	232	110	92	108	95	197	113	87	200	285	168	62	79	223	124	303	170	217	230	220	103	90	242	68	190	243	162
67	105	66	135	237	273	229	62	300	100	210	218	210	132	125	212	239	204	269	109	69	72	284	81	216	207	252
267	61	176	68	264	133	84	73	228	228	70	233	350	115	226	188	255	72	192	287	232	252	281	302	66	223	88	185
207	180	251	164	64	100	77	247	266	303	101	275	120	70	284	107	93	186	97	125	66	85	252	224	120	147	75	222
179	138	118	165	120	166	136	67	82	81	143	61	63	118	90	67	210	84	160	62	249	149	117	208	211	92	130	134
62	109	164	127	94	86	95	203	81	96	63	180	88	120	81	120	186	236	220	97	113	75	285	247	265	164	265	68	73
68	202	121	151	92	174	205	65	63	175	108	155	287	205	249	277	317	307	179	120	302	108	254	82	78	78	167	117
276	256	164	279	66	156	214	61	146	155	84	123	99	175	92	260	195	196	255	167	87	241	199	204	68	174	83	126
135	91	67	193	81	242	185	91	264	288	276	94	184	90	231	144	138	224	112	182	297	186	83	282	220	205	259	173
78	61	114	217	155	120	106	291	142	96	149	124	194	115	206	168	79	172	192	88	63	133	221	74	172	268	166	188
206	242	271	97	85	95	66	298	272	220	300	120	118	85	66	326	179	88	246	146	69	70	206	230	239	265	211	215
267	252	63	101	121	112	208	136	139	312	217	219	302	149	91	290	88	204	128	116	319	326	121	239	74	188	177
168	62	256	91	65	92	173	92	120	191	205	90	146	86	91	101	121	147	202	285	118	149	220	257	79	128	120	83
171	157	291	69	163	144	70	252	251	273	65	152	129	133	154	100	250	92	100	193	60	222	148	66	147	88	75	174
99	112	74	264	77	166	70	73	184	121	85	209	300	104	106	184	231	107	96	191	199	105	118	113	69	314	268	215
202	217	68	100	132	341	60	73	110	215	100	199	167	293	194	99	202	315	306	240	305	173	112	110	234	161	203
201	210	175	246	134	165	100	69	226	314	64	125	234	66	291	81	118	300	248	144	130	65	66	68	231	199	99	75
173	72	135	115	74	124	161	103	64	279	233	67	61	118	82	195	186	77	271	73	63	226	138	217	153	109	95	75	68
109	117	162	296	114	131	143	158	192	160	83	86	87	61	206	229	148	254	123	87	132	94	203	66	120	67	267	77
218	76	91	107	65	101	134	67	100	263	72	74	113	281	70	108	114	319	99	95	115	244	292	228	255	312	63	316
266	169	114	208	132	114	215	145	72	63	294	119	61	140	74	93	77	214	292	246	112	79	60	73	90	144	149	90	203
135	69	62	176	100	294	82	228	211	240	220	78	199	256	143	281	312	183	141	66	322	188	153	301	113	132	128
238	75	139	89	279	75	172	150	218	153	92	251	226	279	213	68	168	200	95	208	317	279	170	154	81	290	186	201
73	75	81	82	290	168	88	186	60	251	259	172	245	200	222	290	113	149	323	107	143	187	199	213	122	203	209
65	303	68	77	94	75	101	162	153	218	113	88	163	62	125	169	161	189	207	123	104	113	62	151	230	75	107	83
70	87	69	264	132	72	86	176	290	70	179	124	110	232	87	231	136	71	198	89	64	207	179	282	100	73	257	189	76
76	287	73	263	151	138	76	99	72	154	137	82	288	233	86	126	236	64	199	293	69	74	241	184	122	73	86	270	273
213	302	84	102	93	75	67	229	232	221	74	185	252	227	258	144	126	229	127	159	93	163	103	70	181	101	99	75
94	109	60	63	71	301	120	74	108	145	195	75	216	207	64	87	166	174	262	60	87	86	64	295	184	84	71	147	160
246	76	148	71	141	221	66	88	61	133	60	240	83	130	71	78	90	82	65	112	166	302	302	66	240	159	203	79	165
292	267	147	176	116	87	99	118	219	312	281	231	190	75	68	194	204	252	200	108	65	72	299	179	118	273	89	96
332	239	191	115	87	67	193	173	206	75	320	168	241	72	239	237	158	84	60	142	69	117	99	119	184	243	168	247
94	123	151	285	128	96	172	142	170	64	77	250	176	96	271	218	119	164	72	236	312	98	242	226	149	68	203	108
158	69	114	189	83	217	228	70	154	127	187	71	97	181	87	63	68	62	149	185	296	88	165	205	84	308	106	122	91
122	120	74	177	247	118	74	197	205	191	167	84	163	99	249	175	159	135	119	181	63	65	100	132	61	110	332	78
67	217	107	158	323	62	67	63	285	225	277	229	124	169	92	145	83	62	62	74	145	108	181
