	897	892	1024	917	981	957	963	948	1023	947	923	965	918	925	922	919	947	970	928	901	955	920	929	992	925
942	941	936	912	914	928	927	926	959	965	915	949	942	935	940	905	969	926	921	952	945	935	937	965	967	1003
936	934	990	940	937	899	902	878	942	872	783	924	837	883	908	833	626	883	852	865	879	923	939	895	880	961
901	953	890	881	881	875	888	923	880	1200	920	893	933	942	880	835	922	921	874	896	906	892	887	913	878	881
922	872	895	932	937	946	884	919	875	966	952	528	861	954	1002	956	947	890	913	913	918	913	883	948	881	910
401	924	899	945	922	271	905	916	914	912	727	910	916	909	922	919	838	920	911	943	924	865	796	946	924	941
921	939	932	947	983	942	948	926	943	940	1061	942	944	875	974	911	954	941	934	923	945	945	1003	906	710
400	800	938	956	977	945	869	963	911	970	913	920	515	952	926	928	922	936	703	926	964	946	952	929	927	930
1018	996	910	931	990	924	989	1059	975	884	911	915	902	915	935	910	1010	935	947	922	945	890	886	940	915
952	907	937	876	961	898	953	916	941	903	900	920	929	938	936	967	853	921	934	946	944	931	956	982	958	868
860	941	876	833	848	885	701	851	873	879	844	898	830	927	887	738	841	853	844	910	913	897	852	862	868	864
925	902	838	898	856	843	879	929	845	949	829	834	856	908	848	863	903	835	850	915	855	867	861	869	921	917
939	929	896	894	815	916	903	1485	857	916	898	880	970	899	890	906	886	927	906	959	841	864	858	874	867	713
870	897	905	912	919	909	916	877	859	868	892	911	932	933	865	873	918	913	1006	959	932	930	818	922	913	985
926	900	920	886	936	869	945	896	962	896	947	901	871	908	903	890	871	883	935	845	954	912	911	910	874	862
894	889	873	879	939	932	916	875	884	873	936	962	941	875	891	870	909	942	940	878	930	899	897	860	437	881
695	905	883	927	896	935	895	901	879	888	671	693	875	685	921	920	908	920	938	886	788	891	880	882	926	872
944	923	941	891	878	879	876	936	930	787	886	897	884	945	894	935	581	992	919	1034	909	966	969	758	873	938
930	895	981	936	995	954	857	888	929	934	893	1134	682	888	938	894	934	939	894	784	931	689	697	1213	941
897	890	938	940	875	917	1117	908	487	918	900	941	1080	824	1080	1012	542	522	232	593	727	966	881	521	980
1425	965	752	929	745	757	1245	986	1029	1024	1559	406	981	1025	956	971	961	875	918	1082	981	1153	883	1612
952	970	946	956	789	973	980	970	971	997	716	957	1000	979	1010	425	1341	961	953	977	786	555	429	1052	964
971	980	922	952	970	876	683	909	220	946	988	966	974	995	1001	941	980	978	924	948	927	986	1041	964	996
951	955	1029	978	1002	975	953	394	952	979	961	990	946	963	937	968	985	945	876	894	973	992	898	891	968
879	880	938	972	982	940	901	983	648	1031	874	963	564	660	903	959	889	944	960	968	1019	968	966	946	986
961	735	941	1030	1085	926	950	1005	996	983	1004	946	904	982	725	964	889	950	950	982	961	1030	921	941	891
899	997	940	1015	808	983	865	978	930	927	927	936	914	1058	954	960	1002	1003	855	518	635	994	647	1041	957
975	591	866	867	906	1079	888	982	1003	940	958	921	1035	989	745	785	942	975	1046	1054	788	954	894	931	1060
1037	1137	844	1068	1073	955	992	934	780	979	1003	962	970	924	974	1008	934	1022	994	654	1011	955	962	846
982	968	1016	1004	1261	957	1066	973	977	874	954	953	997	810	825	737	887	854	881	792	825	852	947	896	988
981	802	789	867	837	1018	1269	919	869	939	921	890	920	932	844	557	978	858	840	966	884	991	934	899	946
988	1005	963	940	857	901	620	769	854	967	874	904	944	1025	942	944	899	839	596	867	936	963	915	974	954
880	685	940	1007	967	1093	943	1039	912	957	1053	1485	983	979	299	1351	494	940	976	998	493	920	1049	881
954	974	973	951	875	1062	819	817	935	1106	1343	915	1483	778	322	948	1085	625	914	1323	1019	971	969	1057
993	905	972	958	1274	943	962	1351	843	949	1110	902	979	1518	522	967	930	952	985	1105	1319	938	891	918
1010	1375	949	1005	945	1542	902	1317	942	914	924	903	885	897	958	964	943	916	943	760	809	955	948	936	903
811	435	914	897	913	904	915	887	863	783	916	706	956	939	974	1106	959	939	861	436	1184	1037	1001	909	870
927	914	919	888	895	894	950	947	966	954	707	1008	948	963	960	963	869	887	805	855	854	1003	932	845	1020
893	745	961	1007	900	811	838	887	1016	845	930	887	860	906	930	738	893	958	853	880	903	840	870	983	912
941	869	877	851	779	857	918	865	927	911	794	858	917	889	882	899	950	937	674	886	894	901	909	974	949	858
876	1019	910	913	968	949	866	899	873	913	844	955	980	910	910	951	944	953	904	875	875	715	911	943	793	941
951	995	899	844	941	911	875	882	883	1120	890	909	973	959	955	973	952	1050	898	1012	912	949	950	989	903
900	1012	964	930	949	982	887	894	887	912	861	962	915	952	982	997	928	932	1040	903	1105	912	889	899	954
1008	878	851	901	920	850	1014	887	981	871	947	947	952	956	939	921	782	912	822	956	922	897	923	887	880
927	969	959	967	898	1013	889	926	913	998	949	551	932	613	957	838	924	865	920	897	910	1029	886	949	961
943	898	905	903	1021	951	957	931	915	915	1004	945	951	953	864	902	1040	888	968	926	966	995	916	468	891
943	918	897	907	843	882	891	952	901	845	922	901	932	1007	914	895	880	867	902	888	883	931	931	929	863	898
901	1195	1113	924	876	904	908	857	939	916	879	909	1012	930	974	946	956	1119	916	924	978	905	1006	959	911
974	945	966	934	964	751	924	927	979	936	1273	973	926	954	833	932	967	1021	945	970	916	1261	991	918	862
945	943	855	967	982	934	1259	956	970	923	944	920	764	871	889	948	986	935	779	946	893	943	705	261	945	961
903	960	939	972	911	938	1013	1033	961	999	907	911	806	994	995	952	685	939	923	1119	911	930	909	993	937
971	904	521	960	827	355	926	1007	943	889	858	1070	883	1036	1015	928	1335	990	889	924	952	526	910	974	992
953	937	941	1001	889	936	1004	911	906	867	908	935	1160	923	917	948	864	902	889	920	928	851	854	892	854
883	916	902	921	933	863	887	942	863	646	933	948	964	896	980	928	957	935	915	862	963	948	965	932	911	934
943	996	951	948	931	937	926	960	1045	921	906	903	885	949	939	963	919	932	956	1475	890	904	902	966	922
935	886	889	959	718	901	936	1247	877	841	1072	910	995	943	942	965	801	929	873	905	947	941	915	941	227
869	903	961	955	1022	951	909	966	937	897	906	931	892	942	905	974	918	1036	891	929	890	822	918	883	918
907	887	831	873	938	969	968	887	899	913	898	988	976	958	722	893	943	901	920	993	921	964	934	898	866	1023
936	866	908	964	914	923	895	206	925	1001	952	985	933	903	1033	946	837	931	1172	1006	981	1018	945	929	1056
927	917	957	885	916	972	584	1185	1036	1026	1019	1007	985	1003	866	972	978	681	563	1015	1168	894	962	1066
1106	974	922	1096	1033	1047	997	1073	629	922	1052	1030	1007	987	986	996	1057	879	1061	953	894	1083	1019
1130	1025	1313	1348	1073	988	1045	984	1041	1054	1042	820	1020	1049	1019	1053	193	981	1098	791	1063	1077
988	965	1027	956	1023	991	760	670	1025	1085	1060	1049	730	1034	1003	1057	1037	1079	1025	976	1050	1371
946	1052	1004	882	986	1253	744	983	1023	1050	1019	879	978	1009	1043	997	1009	1020	1095	952	1145	994	1051
1102	1021	980	1069	935	984	978	1005	993	1029	1068	1031	1034	1044	1024	1049	994	1045	1000	1017	910	1091
1053	349	1053	659	665	722	420	979	1018	1061	1144	661	964	983	1213	704	944	1018	1027	1044	686	567	1051
1022	982	985	996	843	930	1014	952	977	705	1181	970	942	924	917	1031	782	997	994	967	944	997	955	1000	933
908	725	1031	1002	940	1018	983	987	985	1016	981	979	1063	1030	915	1009	1043	772	1002	959	974	951	1023
977	977	978	1024	929	460	995	732	896	1000	977	1033	944	975	815	989	983	988	1027	330	1014	921	1059	998
965	1174	1034	1031	937	1222	983	986	994	1023	1024	1124	941	966	955	1031	783	1014	943	1046	982	1004	1011
1026	646	999	998	1041	1052	1011	985	1046	939	1082	959	1042	1033	1001	994	680	978	1075	1099	779	979	1042
1035	1082	1046	806	971	965	1048	713	1010	1008	1001	963	1039	1061	1056	1051	934	1006	992	1038	1026	1084
995	1030	975	1048	1044	1062	1043	995	941	1028	1077	1070	927	995	773	1033	1023	1047	1052	1087	927	1030
786	1020	1066	991	1043	867	1024	978	1051	1044	1002	1009	1002	905	1012	982	1049	1194	1041	936	1071	1076
1008	767	1007	1030	1006	1057	1043	767	973	899	825	1063	954	994	982	713	968	1000	969	1006	1030	922	1001
991	966	981	999	970	959	940	977	922	1065	995	1037	766	1017	941	1062	784	989	966	772	1017	1004	815	1028
997	1018	980	998	973	1021	1014	1039	983	977	1007	1063	972	996	956	1061	1007	645	1064	277	994	974	1027
1011	1013	1070	202	1027	1024	1060	983	1034	969	998	999	993	1027	996	456	1030	1029	1191	944	1054	978	966
1067	728	1003	977	994	1027	967	991	1017	970	993	937	957	1024	998	947	994	1087	1060	926	1246	1046	911	1041
936	1020	1022	1026	1055	1056	946	1005	1148	1008	954	1018	1126	925	1073	1189	1072	1074	1020	1039	1044	979
1120	1016	1018	943	1104	1056	468	1071	696	1114	1028	1084	1042	1034	1048	944	1044	1063	1033	1000	1016	1012
1038	1084	900	1054	220	1052	999	1031	1025	1097	232	1056	1045	967	1119	1068	1016	1051	1070	1027	966	1004
1043	1020	474	1010	988	1049	1061	1063	1026	1008	1081	1081	1025	987	539	1020	840	978	1004	1023	1004	1033
1025	1036	745	1001	1013	1028	1028	424	1013	1063	1006	996	993	1044	986	1026	935	979	997	886	969	942	1022
999	1011	971	984	1081	693	1021	1027	1071	1051	1006	1026	868	1015	398	974	1013	776	1037	1004	1076	1022
1058	981	737	1049	1024	1047	1021	1004	1027	1049	994	967	931	274	940	753	1117	972	1016	999	946	954	964
951	1045	1004	933	840	963	1061	963	772	1028	918	1033	997	1026	875	1030	970	1042	1010	789	962	997	1057
1101	963	1044	1042	956	482	995	1000	1055	1027	1000	994	870	1001	1064	913	971	1046	998	1015	1048	938	1019
1017	956	1028	1053	1048	1001	1031	1042	989	1005	991	963	1039	1060	1076	1027	1019	961	1028	1051	1027	755
380	1071	1039	1078	973	1071	1046	971	1057	1046	1047	1031	993	1155	1002	1084	965	1076	1013	1107	735	1033
1079	1080	1049	1080	1081	858	1027	1018	1052	1078	1079	1121	1099	697	1041	1033	1014	1111	1014	1063	1068
1094	1067	1055	349	1013	862	1040	1008	1031	1094	990	1040	1048	1018	1052	1011	979	950	1039	1055	1062	993
1011	996	1081	1000	1017	841	875	1008	995	1039	1068	1012	1029	423	769	995	1026	982	757	1027	1030	969	1048
1061	973	1095	980	995	1011	901	963	1027	980	956	1048	1014	1044	919	1033	956	995	984	722	1030	1025	1022
984	664	1015	1050	1036	933	911	1078	926	959	982	1014	838	971	717	918	1003	1018	1018	952	980	999	1192	899
1004	847	915	1028	815	1062	986	816	653	932	983	978	1013	988	959	969	976	1029	928	1092	972	1044	1006	891
977	862	974	939	974	1015	824	690	921	1053	1012	994	1208	1068	973	975	728	948	1073	909	1019	960	1032	994
911	974	1000	1024	1063	1035	985	989	1013	779	993	1018	660	980	876	1021	1043	976	650	988	942	928	1087	992
995	1061	1052	1015	936	1056	1046	939	970	952	968	991	946	990	949	627	1094	960	953	970	770	1031	780	985
825	1000	888	974	913	752	1011	960	999	915	1000	851	1009	999	1021	733	956	832	1089	1026	623	741	964	816
964	997	1041	1021	996	1013	947	956	1061	993	969	1001	1048	974	960	994	206	967	979	1005	530	1031	683	1018
739	1002	973	997	1030	994	962	1083	981	979	990	973	976	1004	972	999	676	973	984	792	982	963	868	982	988
847	994	770	1048	996	893	1019	1208	991	987	1058	1015	1001	1049	943	859	972	801	852	956	1002	772	980	953
983	989	957	1005	976	977	227	980	934	930	984	1018	916	985	985	969	789	1003	1000	1003	914	933	997	997	981
941	946	922	941	843	985	1013	935	937	375	954	801	988	924	921	1019	947	942	944	1006	958	946	937	929	883
939	1055	979	860	964	958	1002	909	1026	904	950	919	927	858	927	971	985	943	980	759	1088	944	972	737	1117
979	977	957	934	941	942	962	935	967	1005	994	942	843	1013	933	931	911	1006	943	988	1013	988	1044	968	1062
964	947	1012	1001	958	977	972	1013	1041	1031	1005	715	954	972	1067	994	1020	1007	954	976	901	1046	912
921	962	1018	910	965	895	1058	953	970	988	967	1017	962	967	1015	1008	976	944	1031	772	1016	937	454	968
977	822	971	990	989	1019	869	981	514	733	995	967	871	905	873	948	975	1038	987	963	993	1014	1022	818	884
954	789	951	774	800	1011	788	973	772	1032	1009	905	845	925	919	985	986	939	880	1001	912	992	800	1047	948
997	953	941	968	954	995	564	1007	732	975	895	993	738	1004	1010	1003	936	982	1029	932	968	1068	994	951
972	961	992	992	992	978	948	958	948	1053	989	1012	847	796	931	986	888	991	989	927	955	1058	944	931	978
882	953	984	956	1000	704	943	699	1044	946	926	569	915	949	949	937	939	938	925	970	962	718	957	929	917
947	804	945	1071	927	958	958	953	1029	978	714	974	1012	943	1013	977	991	986	964	1003	1007	967	966	988
880	977	990	1041	997	1006	719	1056	768	963	927	960	986	939	809	1031	965	917	997	1222	1000	956	969	955
968	1097	765	1022	932	905	967	975	1032	998	985	1001	998	1005	994	950	812	809	951	833	881	1008	972	976
1011	974	1014	899	980	944	1018	978	1021	981	840	1554	1000	929	990	971	995	1211	1005	933	1004	984	1008
978	952	824	816	998	975	1007	1040	992	992	999	1011	975	1000	949	968	1000	948	746	775	914	943	962	952	985
939	970	979	966	996	973	985	962	860	996	1008	962	825	984	932	732	996	1016	842	994	766	748	967	993	968
767	986	971	926	1003	985	997	1054	816	704	994	978	971	676	968	888	550	809	856	840	812	858	853	854	873
470	842	853	867	869	944	190	895	885	958	895	1010	201	911	889	1014	946	819	1126	868	974	808	977	884	999
1015	893	1121	877	876	896	700	836	947	882	887	1047	870	879	890	971	926	513	345	988	1165	938	961	860	881
908	1075	876	914	1010	883	949	763	894	896	966	925	1113	395	189	806	988	461	852	909	962	963	921	1068	993
1159	889	1019	1121	833	1110	1151	1069	930	810	974	978	789	878	1019	837	1000	631	1080	887	922	1064	942
875	922	982	864	1006	902	880	957	777	907	894	959	840	894	973	1002	1065	859	896	961	973	1070	920	918	923
995	878	921	899	947	915	896	1004	869	908	915	1051	870	995	640	972	843	891	850	898	897	1008	401	857	906
886	991	810	814	1149	882	942	913	847	826	1208	825	730	901	994	820	902	921	897	861	931	976	909	877	887
926	904	951	998	888	1059	992	933	947	969	443	919	976	616	855	848	864	848	452	863	548	909	883	1637	952
876	940	679	896	956	981	841	889	870	844	960	413	734	911	862	833	861	1002	979	858	818	835	884	700	868	903
955	885	1028	885	865	914	893	894	894	861	928	1154	889	881	930	886	885	941	889	899	833	687	862	903	972
981	821	939	993	878	938	839	1346	927	889	888	966	902	936	880	879	990	995	1001	968	877	892	935	876	883
904	991	887	895	867	983	879	972	609	874	892	995	913	950	996	939	717	864	861	932	1026	950	945	882	945	968
894	904	984	937	928	1590	866	891	634	922	862	961	870	976	929	937	966	1117	1040	937	892	886	940	829	924
982	917	894	887	921	894	815	898	937	791	898	794	890	900	908	871	915	905	830	954	940	872	899	922	894	964
936	918	999	905	904	959	963	899	792	1046	902	913	927	928	908	972	868	914	702	1008	894	920	971	913	914
949	908	686	930	912	945	816	961	873	924	858	800	940	864	967	940	871	1006	928	898	814	942	890	1317	922
859	896	797	881	889	825	869	909	770	910	841	894	852	926	904	885	848	913	915	794	852	915	780	981	883	325
864	883	1030	887	863	868	845	918	907	1120	887	881	605	764	851	938	854	944	1295	890	903	238	539	846	870
539	1028	1191	756	892	889	889	826	873	945	929	805	885	1402	921	994	950	857	963	869	1072	1035	920	836	891
884	832	882	901	862	873	1151	469	1072	662	933	908	881	947	1358	1032	943	946	932	965	998	904	1159	890	918
976	911	959	1021	973	906	915	902	1144	1093	1040	883	879	1196	940	860	1682	881	884	971	851	883	944	976
893	964	950	269	1050	961	1107	1016	863	909	929	917	894	893	899	357	941	892	981	928	923	939	936	955	904
1003	1166	922	912	925	897	991	694	967	946	889	932	918	960	898	1000	866	922	894	987	869	873	950	985	872
896	697	943	947	921	871	940	711	846	953	950	848	929	941	939	541	903	953	994	921	950	910	892	893	860	928
852	894	821	1035	848	883	861	951	876	938	889	880	787	927	865	908	984	899	859	980	936	890	899	968	853	872
893	842	1045	922	338	492	921	555	879	897	935	884	881	915	896	871	892	722	853	882	895	876	707	894	884	909
883	869	927	871	870	621	869	950	879	948	658	910	884	911	972	882	876	861	922	852	922	989	868	869	821	891
760	525	899	901	951	991	666	926	893	1218	903	634	703	899	978	1030	884	927	986	893	901	948	949	925	929
888	870	846	954	938	912	930	908	896	1042	937	913	896	914	628	930	941	931	1034	920	928	879	892	921	869
825	598	860	994	960	977	940	904	954	906	897	927	882	926	916	872	897	941	918	859	971	906	932	925	905	875
924	895	934	910	720	869	897	400	893	779	940	729	899	915	916	930	851	895	915	1004	925	924	585	819	921	958
936	833	934	906	850	814	936	846	868	864	843	838	807	882	926	866	882	915	857	933	954	856	864	907	832	876
960	880	826	851	840	878	984	867	854	902	891	859	950	1083	990	783	899	864	921	869	854	904	937	835	900	801
887	974	995	907	872	877	915	1176	861	836	903	916	876	901	962	923	870	893	898	946	925	884	888	812	860	798
937	610	879	896	887	860	914	829	889	994	932	903	923	896	976	991	925	952	917	885	718	770	941	921	896	902
934	924	913	400	939	916	941	927	960	932	979	928	949	835	921	905	925	886	727	834	910	893	932	891	923	896
954	926	958	915	233	305	982	910	910	937	949	971	933	1012	897	450	877	885	1088	867	953	963	935	923	986
917	906	942	893	946	993	487	984	967	915	891	940	926	911	979	908	899	965	987	918	698	1198	914	903	928	931
870	921	884	903	911	886	834	885	714	924	1030	882	885	873	905	854	896	903	921	910	873	986	890	863	868	899
853	867	899	857	867	492	987	878	897	853	900	1029	1018	828	835	880	923	773	891	697	854	767	946	776	818
880	949	927	879	873	552	873	879	904	976	900	953	961	958	891	926	910	853	928	859	487	879	1153	887	872	890
917	843	882	885	866	880	503	859	871	867	889	937	969	917	881	864	907	954	907	854	874	878	903	908	839	848
878	899	820	717	901	855	926	915	918	863	939	738	916	689	832	927	955	870	889	980	882	886	867	900	915	893
707	855	883	907	910	943	907	967	917	907	885	916	884	903	612	924	879	917	896	900	888	913	880	909	920	908
542	900	947	907	810	935	971	890	915	980	891	877	906	879	906	1007	904	882	414	934	931	934	919	976	860	949
977	904	925	988	892	939	905	916	890	936	901	916	900	817	852	905	921	950	908	984	918	916	893	909	917	886
912	886	955	895	886	741	902	834	214	866	867	902	887	892	919	368	876	927	902	872	921	814	858	889	979	865
863	915	901	894	898	847	797	846	904	880	894	855	728	901	739	849	893	820	894	882	863	770	980	845	895	843
847	874	943	900	891	844	791	899	994	885	873	946	877	859	871	864	860	855	864	869	858	872	854	869	885	872
894	961	865	875	887	871	862	905	859	904	880	933	893	764	854	958	875	645	939	893	942	861	951	898	192	876
909	927	888	710	882	1402	894	908	834	850	747	975	913	916	1008	911	694	842	910	914	905	896	701	904	909
941	416	865	908	886	874	879	975	832	916	897	988	891	1017	916	928	912	959	913	859	1003	915	922	931	891
922	905	945	894	899	923	932	820	872	920	890	931	939	898	923	942	929	873	934	839	919	984	923	864	914	878
933	864	926	909	970	984	930	945	877	920	902	977	930	512	918	914	895	915	968	958	901	899	918	905	887	1074
967	831	965	904	888	1026	887	961	1013	915	858	924	902	863	971	891	852	848	980	897	911	969	840	1268	914
791	847	667	772	902	781	915	861	894	843	896	889	825	878	883	779	869	875	912	964	929	900	1024	884	909	889
877	748	883	876	869	871	886	860	848	866	863	822	833	986	928	930	974	856	868	880	883	865	854	855	842	976
873	910	854	900	848	985	837	894	896	669	886	853	853	875	884	855	887	869	890	850	836	893	859	837	797	890
876	1229	983	893	901	863	893	796	906	989	848	900	991	972	843	778	910	925	906	964	899	894	967	893	955	979
896	777	863	850	889	973	929	905	924	949	898	858	975	1129	912	917	904	937	905	904	969	859	896	915	927	890
905	900	809	928	922	938	923	909	905	993	1012	932	932	897	1061	861	934	879	743	866	896	900	916	905	882
982	876	898	788	904	961	926	902	901	921	913	894	915	884	911	913	882	859	890	848	908	910	887	901	892	876
929	824	912	915	918	740	920	895	887	894	925	865	953	889	887	947	923	990	918	900	881	908	858	989	910	887
861	891	849	887	926	845	936	950	838	873	465	873	869	854	956	830	883	898	878	862	587	873	834	1453	867	825
937	423	872	871	864	916	836	885	964	879	732	841	849	779	916	907	889	996	890	711	901	889	899	803	885	1052
863	1029	825	1001	956	822	989	894	883	837	936	1012	937	848	853	964	907	1001	930	978	896	910	1060	1007
868	1589	979	1198	999	940	1306	920	933	1023	956	952	905	912	963	969	898	985	940	867	941	1484	825	929	904
890	909	416	916	998	932	879	1250	947	797	927	929	985	913	889	937	910	883	1012	1043	1015	906	911	743	910
906	664	723	914	878	928	910	978	938	897	849	907	868	917	912	935	705	939	907	266	958	919	989	940	894	927
957	991	954	908	992	934	969	929	956	949	897	939	938	969	895	914	921	883	894	943	917	971	1008	958	980	937
900	910	904	967	878	901	867	907	894	943	458	934	805	941	904	917	1064	958	753	875	883	976	411	901	709	1027
951	903	865	239	930	881	900	906	901	847	895	845	876	883	842	857	934	859	881	493	840	879	910	832	910	886
990	808	827	903	826	883	879	554	984	860	878	820	403	987	912	867	833	890	860	835	885	892	855	212	881	917
756	871	648	997	819	854	892	990	944	956	902	764	965	896	359	919	903	899	930	885	976	934	911	887	933	880
935	889	913	1000	877	883	1063	893	897	846	971	195	888	904	856	1386	908	875	895	553	890	862	907	880	918
972	780	892	984	915	847	947	883	888	869	908	910	860	895	915	894	649	956	912	889	962	902	922	892	915	926
975	891	909	876	947	940	944	910	901	771	662	924	892	950	892	989	948	970	912	985	986	890	494	941	904	942
924	889	958	912	906	884	921	931	918	901	889	777	915	959	910	889	967	901	877	973	912	981	758	919	966	943
902	937	898	910	968	945	940	959	929	909	888	887	964	896	875	942	908	862	930	891	867	901	853	885	890	846
907	725	792	861	913	901	992	913	888	975	817	893	881	832	884	873	832	1199	905	872	906	880	845	890	904	701
896	859	848	900	921	955	893	833	857	838	993	965	879	822	678	856	828	884	883	887	872	844	870	876	848	962
1039	957	922	940	911	997	860	882	1077	678	913	846	971	864	1037	967	899	933	879	876	947	696	1029	909	882
900	831	863	991	694	922	854	910	901	930	862	862	937	846	880	998	831	898	839	986	962	912	913	920	881	908
916	944	900	906	764	967	901	937	936	829	640	923	865	980	966	1088	892	904	964	952	931	846	937	894	928	893
940	827	897	867	931	913	916	956	1008	1435	1045	886	874	957	928	890	998	915	603	1197	892	1120	996	906	930
969	901	1001	1025	893	960	945	972	911	893	986	986	848	923	760	890	931	467	894	925	863	912	931	926	948
933	850	1010	932	951	880	910	997	920	919	926	908	888	916	919	747	983	941	886	899	834	952	869	561	873	841
885	961	539	847	847	847	833	875	878	878	861	897	792	838	767	880	889	844	851	886	973	894	897	879	846	901
907	921	883	904	904	905	944	892	844	908	949	809	863	879	976	847	900	993	875	892	870	865	894	856	860	772
864	861	821	930	863	994	945	921	914	904	895	974	905	947	897	911	886	847	870	843	910	911	869	828	830	776
947	786	902	900	966	924	933	981	879	916	894	839	915	903	574	244	918	864	915	726	855	890	904	930	887	892
913	781	951	765	895	944	882	906	914	920	875	925	921	955	923	914	925	918	725	913	930	936	940	927	907	892
931	898	884	887	902	866	878	895	900	698	883	866	873	948	979	455	763	958	934	934	967	765	952	970	886	916
944	909	892	892	912	828	803	731	789	889	891	691	897	925	837	891	218	945	898	856	837	947	879	899	957	935
901	897	916	918	893	913	732	900	910	942	898	909	876	919	892	884	835	903	796	871	824	539	880	874	855	863
894	827	885	943	1001	838	916	782	885	864	980	893	899	922	894	891	916	902	877	875	780	986	906	900	915	887
884	869	908	783	905	910	900	891	809	921	882	1054	859	846	886	864	918	892	858	867	868	891	1074	884	947
896	902	821	831	844	868	878	1066	831	857	847	893	881	939	823	767	848	847	1424	864	879	342	856	864	858
856	887	847	861	933	816	871	519	845	932	979	934	954	900	683	614	761	1017	959	898	1055	221	896	924	907
898	960	893	922	919	916	902	910	880	877	897	954	847	727	887	961	886	532	882	935	843	821	882	858	899	891
891	892	904	875	887	902	933	925	863	942	941	900	947	922	925	1008	951	937	903	948	927	948	917	922	545	911
916	912	925	865	609	878	921	892	987	888	971	393	920	814	915	883	1141	841	908	877	886	881	838	910	955	886
908	929	918	901	913	1085	844	886	1193	803	886	899	954	869	883	826	881	222	883	1015	831	865	944	871	862
861	838	919	937	885	869	906	853	877	798	907	1196	905	849	825	879	860	862	873	774	919	863	863	903	864	875
947	843	803	873	915	861	889	899	843	920	914	866	900	827	871	895	889	883	890	864	872	876	893	888	911	898
804	695	868	890	886	949	716	874	880	902	914	923	886	855	872	528	899	899	925	880	942	853	904	1224	877	776
895	921	917	887	908	935	894	929	878	867	952	905	888	905	948	891	902	901	883	907	901	908	916	929	915	601
903	911	900	902	945	916	897	908	923	914	939	923	889	924	883	894	246	911	877	1106	898	907	441	921	933	882
905	933	932	926	931	978	889	934	944	907	790	927	758	930	899	909	916	886	331	958	826	919	915	900	915	567
950	912	913	972	938	919	924	459	925	887	881	891	893	897	907	889	834	914	886	888	896	916	857	884	908	859
892	918	892	883	913	901	848	837	896	846	866	888	896	888	839	407	843	877	882	905	817	849	810	885	878	926
812	869	891	918	832	466	868	824	856	894	850	862	596	828	737	896	868	902	869	896	900	898	867	904	868	887
898	989	894	867	881	894	808	903	882	848	888	877	784	847	894	875	901	879	894	865	873	870	658	809	922	887
929	886	928	1370	889	864	878	884	899	869	500	899	906	880	904	926	899	921	905	924	976	921	937	900	900	929
913	918	923	910	885	922	879	902	887	925	824	918	894	910	925	894	938	1187	792	916	953	846	905	887	915	879
942	909	670	891	896	916	908	909	929	947	906	1037	896	887	880	933	848	878	931	930	891	929	905	882	861	942
897	929	1119	893	946	927	889	900	829	914	841	943	893	898	891	932	885	915	929	927	894	885	856	933	958	898
906	948	816	922	960	889	904	892	1082	916	904	957	407	860	576	850	875	920	859	847	880	850	874	926	853	871
860	847	877	911	835	846	837	806	898	873	854	862	858	855	890	975	907	819	858	832	1006	824	855	880	827	874
884	891	826	796	875	220	877	879	896	878	873	898	978	869	871	885	873	864	904	869	883	889	901	890	898	924
900	909	901	918	856	892	905	579	873	891	892	698	912	907	978	912	882	906	889	908	1330	881	930	885	893	937
911	335	900	892	889	897	894	1077	910	903	887	917	818	898	883	906	906	892	910	904	916	909	940	911	915	930
913	715	927	928	1107	914	915	908	871	926	886	928	936	927	926	1003	929	945	881	933	896	925	918	902	920
923	917	888	895	885	937	864	898	899	881	866	888	874	892	856	961	991	905	1152	930	867	885	883	729	916	950
889	876	895	1172	876	888	875	876	891	1001	927	888	905	904	885	865	920	728	928	903	780	903	894	920	906
890	863	958	922	906	907	531	830	852	1053	929	896	938	890	1022	1317	853	870	890	971	916	1578	840	868	851
964	886	670	856	897	925	850	957	942	578	834	928	847	874	922	871	828	891	854	900	922	841	881	894	945	1016
1331	969	961	1271	785	956	1686	967	955	1145	941	866	1145	1018	951	936	1048	543	976	975	1052	912	626	1217
1241	309	959	928	991	932	523	953	905	910	946	1041	973	957	921	1005	940	952	1026	965	1037	965	1282	980
953	1044	223	1026	969	766	1367	926	964	970	931	958	947	920	957	1272	981	1308	970	945	942	919	1044	950
973	928	967	978	952	978	963	992	957	992	918	875	936	972	794	961	926	956	938	981	993	1022	1033	978	957
947	945	801	926	908	950	913	900	938	882	886	396	903	410	1024	608	959	914	1258	995	847	1021	954	903	970
915	832	986	954	954	949	945	854	1044	914	1013	967	977	1006	895	922	922	1000	974	963	916	938	1018	832	859
1051	921	893	939	982	864	925	854	891	915	956	892	881	1033	874	911	1023	911	928	967	882	807	1454	899	1014
922	1205	899	863	1128	1129	958	540	836	570	1700	902	927	762	845	880	948	846	881	917	942	870	954	916	287
254	948	1105	1194	961	1280	945	930	1057	871	1026	354	1042	932	979	986	950	954	984	919	1464	1053	975	957
968	924	988	931	985	930	980	1043	905	887	962	929	978	943	939	900	927	921	944	986	961	911	1008	921	982
980	990	1279	963	1020	1048	1028	939	1395	935	900	464	919	942	1009	934	976	931	970	1162	1020	916	1037	949
964	1009	946	977	634	1002	947	985	999	364	928	974	976	967	854	964	937	958	890	891	860	188	911	971	930
956	909	914	902	873	920	922	883	914	900	962	746	883	999	940	938	938	859	1210	916	828	879	989	942	944	954
856	749	909	551	930	914	843	921	981	940	848	967	932	838	950	963	847	957	942	921	941	1060	841	888	858	950
857	911	943	806	897	940	1007	938	830	927	995	1014	1019	650	999	979	862	853	933	701	929	957	871	883	911
904	1047	936	875	911	920	918	951	919	926	914	678	938	916	890	908	927	904	892	917	896	976	896	946	464	951
965	986	969	930	1030	1292	940	1012	956	590	993	968	935	555	980	1123	1449	951	956	961	1030	780	940	939
889	683	959	965	960	956	931	1036	1022	1081	1457	963	930	941	930	923	916	910	921	981	911	944	959	980	933
947	932	935	956	779	972	948	867	915	938	1032	934	944	972	910	952	1117	955	926	867	915	945	953	920	964
924	972	836	957	913	975	960	927	914	945	973	965	927	874	877	954	960	960	948	843	895	893	772	907	935	885
878	911	835	863	787	449	870	953	900	942	893	845	867	843	941	934	888	842	905	833	891	991	923	825	878	855
305	864	896	905	923	879	875	973	916	971	936	792	929	934	836	874	916	960	1052	894	920	959	915	1008	970
903	920	861	933	950	961	925	840	923	906	1032	910	917	908	951	977	1004	940	821	886	895	931	1047	938	916
930	941	997	1051	934	853	898	910	922	829	872	897	938	902	926	927	957	958	551	925	956	1084	951	964	1001
919	933	1074	970	958	993	960	888	948	732	982	938	968	952	951	992	951	969	1312	877	953	921	927	956	943
1125	902	929	1044	909	854	909	922	930	962	933	915	869	944	964	975	975	915	964	957	941	808	967	962	963
941	969	936	974	953	921	1035	946	926	867	912	919	950	984	927	947	932	952	810	935	960	505	848	911	930	329
904	690	890	893	528	805	966	454	922	929	998	910	951	944	945	961	965	968	937	1319	950	1005	468	1025	952
992	903	948	933	1007	903	688	707	1333	1013	642	1059	939	987	991	876	967	1018	900	942	1059	1000	544	1001
983	1078	1015	958	969	1006	940	705	997	1008	959	995	942	955	991	1050	1007	548	1012	1031	1024	1011	1005
997	1060	1003	1027	1023	1030	1000	1015	1035	1042	1026	613	1037	1032	1011	994	1031	1040	1049	1037	997	1007
1031	1054	1037	1021	1004	1075	1174	1020	1043	1413	1106	978	1133	962	997	1018	995	955	973	991	1124	972
1048	1022	1053	1086	1025	1013	314	1026	901	1014	1015	1034	1061	1013	524	1053	1031	1031	967	725	942	1029
1004	1094	1065	362	1018	944	1036	1037	1045	250	1028	1039	1031	997	1031	1180	992	1083	1010	995	1050	1032
1016	1807	994	1161	1013	1123	1071	710	1017	1074	1014	980	1079	731	827	1018	1032	728	911	623	981	1012	957
410	1005	1065	1044	1032	1015	989	933	993	1185	1086	1015	972	1010	1010	1066	1020	1061	950	1040	1035	1010
1039	1029	1543	1071	1027	972	1035	988	1355	1018	1010	734	987	992	968	1000	947	993	1002	940	963	1017	950
958	959	899	1036	1009	971	946	952	975	973	1002	1049	951	954	984	978	1000	1002	946	1031	1022	1053	977	1007
985	1005	1014	1062	999	988	1008	994	1018	1068	997	647	1028	1069	765	1093	1011	1025	1010	988	1027	1022
1011	1019	1008	1005	1008	1009	1068	930	991	1045	988	1020	988	1051	836	987	807	1004	1000	1047	934	1038
1048	997	1001	1029	1049	976	1056	1029	750	1007	1011	1043	947	1023	1001	750	1000	1011	977	1008	876	1044
1038	1056	614	1031	639	1030	1068	1043	1025	1023	936	884	772	861	1022	710	992	797	975	1021	1014	1044	1352
1029	978	1025	1003	1021	700	1069	1047	1018	1025	1095	924	1012	1002	1052	1038	1033	1019	1107	933	1009	364
1086	1052	944	1051	923	1050	1070	1060	1029	1019	1017	1056	1040	1552	1030	985	1009	743	1448	957	1022	1008
1023	1018	1055	943	969	819	965	668	999	988	979	956	1016	1040	963	671	943	971	1029	997	970	996	983	1035
1011	996	962	927	995	1018	1020	1048	1047	1024	981	1001	803	960	730	982	978	1047	1045	984	983	920	998	1013
1098	1019	969	1002	969	1013	992	1033	966	908	1001	999	978	1043	1016	1035	1042	1043	814	1086	1009	1009
1021	1035	1023	981	968	1027	1164	1060	1012	1050	1004	978	1111	999	1047	963	278	1005	1023	1036	934	1026
1017	863	1225	1020	1030	1038	998	1009	1011	734	963	1037	994	1040	983	1032	966	1014	982	1017	1031	1054
1043	640	1026	1057	1038	1032	924	931	1015	1031	1049	1027	1015	1052	1047	975	1199	974	1023	920	1040	935
1049	654	988	1021	1047	1036	1095	932	1002	936	1013	1009	1011	1017	1061	1028	1010	1025	1050	1007	909	1081
664	1016	1038	1149	851	1033	1022	1022	1033	1059	1034	1021	1002	670	907	1037	1025	1027	949	975	993	1007
963	1038	1018	1029	1002	1003	852	1000	990	965	998	1004	977	1327	675	971	991	709	1073	1325	962	969	991
977	1031	977	1043	1007	963	1044	956	797	999	1056	972	724	1146	961	1009	341	955	999	1168	978	738	1002	980
983	1027	741	990	1022	968	1037	1002	659	682	1115	990	1052	1001	959	991	1044	1056	1045	1018	955	1002	718
1014	1023	826	961	979	987	1011	1026	991	735	999	1106	1002	1026	1031	1007	1005	1013	1003	1012	1047	990
696	1048	989	1058	995	983	1015	424	978	1434	1012	1016	1055	997	1032	1027	858	1003	1093	685	1029	1024	922
1045	1043	650	1045	1017	1010	1012	1037	1042	1048	1009	1010	1021	1118	1012	994	1018	1024	1045	1041	1023
1016	996	1041	1010	1038	785	1079	995	1002	980	989	970	984	734	969	742	1018	1069	1026	1004	1016	994	1052
993	999	204	1033	1028	1008	1025	1004	1010	1030	930	1024	602	1039	756	1007	1016	1108	1009	1018	1084	1020
1034	995	1031	1019	1018	1021	1052	1051	956	1061	1039	986	1024	917	962	834	893	951	1089	935	1015	921	923
988	1069	410	905	492	900	1001	1011	1006	679	806	880	875	1027	1007	1054	880	877	896	931	1000	1019	926	862
889	905	1066	916	922	1014	904	895	1031	859	911	1039	859	907	907	937	910	936	952	923	935	1108	1023	907
956	900	1105	891	956	1148	973	935	1001	921	946	991	943	988	965	947	951	916	1110	947	975	967	972	909	947
766	911	940	934	963	895	845	943	974	943	994	963	920	969	998	944	961	1010	1040	969	973	1000	1232	891	939
983	972	969	987	976	978	968	944	931	993	967	984	866	1070	959	1009	964	989	1007	1001	979	1064	945	957	653
992	954	949	1023	987	946	961	995	989	807	1001	945	676	1018	640	1014	951	998	975	985	1089	985	969	443	922
965	1046	993	977	996	922	638	953	983	955	982	944	1005	386	1079	985	1046	869	977	861	983	934	926	1028	972
929	982	971	971	967	1040	969	966	1016	990	1013	981	982	1007	890	884	904	865	792	922	232	944	899	1211	896
927	482	890	902	894	888	844	992	897	865	956	899	909	625	956	924	856	913	906	952	921	997	1120	885	886	910
928	997	1065	905	963	372	875	986	929	913	969	860	922	962	973	964	945	950	966	851	966	941	952	911	928	928
979	939	950	971	958	941	968	940	1015	954	978	740	952	938	1118	926	935	985	908	946	919	1008	1072	983	877
943	964	863	903	1149	936	945	954	915	931	855	949	620	1027	986	965	983	737	972	963	1027	960	1005	998	960
991	975	1002	952	994	970	979	1053	906	952	1157	974	979	761	1025	965	1025	959	975	1381	1280	962	970	937
953	966	901	975	957	942	966	1035	1001	1329	976	994	986	975	971	975	974	952	973	951	967	941	957	330	933
979	978	979	1518	987	939	1003	710	1002	917	1002	974	731	995	876	1014	939	921	996	1210	955	879	982	977
1033	1036	950	968	993	992	1009	977	664	967	1124	912	821	1063	886	887	584	938	889	943	738	922	946	895	772
913	917	929	959	885	956	935	902	296	909	931	912	1009	644	915	922	944	962	869	929	971	911	819	947	905	874
830	373	916	927	1434	881	918	874	874	967	947	984	1013	946	957	969	998	967	972	960	955	959	993	950	955
954	958	943	950	972	939	875	946	985	749	958	960	1013	979	942	971	966	1156	1001	1028	1038	946	946	572	993
997	923	1092	964	932	956	965	912	780	937	991	988	990	996	964	1022	976	1009	1015	988	982	977	1035	707	1007
997	977	982	973	989	936	986	984	984	1049	965	973	955	1003	953	989	972	958	1067	955	969	981	931	984	1479
945	1007	953	936	1001	956	995	968	989	956	1015	985	1762	875	960	1260	855	676	974	872	952	858	736	1084
962	972	965	985	686	966	708	1020	744	1059	868	988	896	992	928	977	897	985	942	973	949	962	878	657	946
667	927	837	924	1058	1001	973	1004	958	943	1080	897	668	945	883	919	993	891	926	941	844	927	1000	871	920
791	961	910	965	865	611	957	745	950	950	802	907	901	902	938	930	927	951	895	773	906	964	930	975	899	922
938	885	907	986	923	872	928	903	874	927	957	945	914	940	944	976	958	984	983	958	978	979	790	937	972	972
987	1032	1018	977	952	954	911	971	1022	967	979	959	962	980	1047	946	943	938	943	957	964	944	965	963	953
944	967	955	946	995	925	882	973	884	1264	939	791	520	1001	978	1022	995	861	1484	986	1012	984	899	979	1007
978	968	781	934	943	942	954	1039	966	1030	966	1012	980	1006	990	1123	986	976	955	943	998	962	947	941	992
939	925	958	972	960	919	951	933	924	1035	1025	888	713	916	903	964	962	928	970	1007	967	967	991	989	440
836	917	966	954	969	2046	929	984	949	181	553	1046	941	656	937	1128	965	961	1048	918	933	916	898	939	916
884	979	948	889	972	928	933	1088	972	961	941	1016	985	221	930	931	347	948	947	954	927	941	933	1173	960
971	914	1031	937	874	965	900	999	972	914	1234	940	983	1031	1006	1027	961	918	1050	977	984	951	973	904
1042	1006	990	929	991	1162	924	1017	1041	994	956	994	968	977	1014	906	915	980	1003	967	997	1162	983	1477
983	923	1097	1042	1240	1127	1006	895	1004	816	1123	1578	975	1003	979	945	1767	964	973	941	1007	958	1546
969	1279	989	983	980	981	1639	982	1026	596	1008	1080	976	1133	962	1143	995	628	985	1031	969	956	998	1016
1010	1050	964	999	1100	983	958	990	953	998	983	975	528	990	757	963	910	920	985	983	999	1249	701	967	970
1113	988	1021	997	966	986	991	978	965	969	904	937	1019	958	1050	933	993	895	1265	981	931	923	1000	898
919	939	1139	919	885	849	980	943	1115	1246	891	914	960	919	1194	341	868	888	903	982	490	1044	881	808	1157
897	701	676	938	305	890	945	1110	800	900	1129	671	1101	920	984	964	939	937	1026	930	956	1005	937	998	915
924	509	1107	947	929	984	945	960	904	938	938	759	1029	1030	961	1003	1028	952	978	956	970	750	1032	931
993	968	924	823	951	744	1236	984	1029	1006	950	987	917	967	965	1197	752	980	1367	980	995	1080	956	1030
1028	958	990	934	948	1078	941	995	981	993	1031	1035	1003	1043	978	954	973	991	1193	735	816	984	1465	993
1000	985	985	1051	1078	993	971	987	991	1086	1042	684	937	967	971	983	1025	1006	998	1009	1010	1050	961
1025	999	1017	996	942	964	1033	970	1012	1110	993	1012	996	972	988	882	868	974	971	973	989	1024	1004	975
659	976	1036	969	956	950	1047	962	1108	974	1094	951	970	1069	947	960	962	973	964	948	992	921	939	938	889
1004	1011	845	933	872	588	916	905	901	917	784	970	891	896	895	900	748	948	886	1079	894	893	656	1030	844
898	925	932	994	1070	685	908	924	945	912	925	920	946	970	1315	901	926	907	948	943	995	928	892	967	929
938	953	978	968	945	899	793	1017	1009	978	906	985	948	1010	960	952	941	955	918	973	998	965	921	966	932
939	1417	956	1000	970	996	946	724	968	1027	732	1001	971	962	960	976	974	956	981	950	725	993	1003	961	942
876	987	938	982	981	992	1003	992	983	941	966	658	992	1096	1013	974	968	981	954	1297	967	856	953	959	943
1023	964	999	376	1022	982	986	1001	200	1013	983	994	983	702	1008	962	684	1056	951	926	962	903	1403	948
943	882	909	957	930	995	893	1012	879	976	298	969	979	679	970	500	680	708	1105	702	975	507	1018	975	619
966	1006	341	921	973	966	959	1007	1013	979	1004	982	963	995	981	1003	875	886	939	963	922	925	948	904	935
958	906	917	986	916	908	969	952	932	641	934	925	309	929	1036	887	1103	890	287	960	925	893	932	907	959
931	904	958	872	960	939	913	915	951	860	968	945	892	911	936	981	974	967	917	962	1054	958	942	1001	946
982	960	950	941	950	1004	843	1008	981	928	415	942	1013	963	1002	969	822	971	934	796	1020	973	987	967	949
990	969	1020	673	753	941	945	968	987	587	927	945	973	1031	966	721	972	962	1096	995	895	998	978	959	961
972	940	966	1009	980	943	981	931	985	955	1027	964	1007	971	1019	928	995	944	1026	927	983	971	963	946	1003
968	1023	583	964	948	986	1018	992	972	1034	943	981	1035	1003	982	986	695	967	914	947	964	1049	982	516
954	1015	921	1012	933	945	909	970	920	989	980	972	931	956	769	978	993	938	916	853	969	981	1000	958	904
424	958	957	952	581	998	986	746	1030	1022	970	913	1025	1024	895	949	992	995	952	986	966	951	1115	1012
937	1124	1005	980	933	965	965	980	976	955	958	960	940	952	968	925	978	371	977	987	998	941	925	1027	962
985	1056	388	913	994	1096	940	990	952	1026	942	982	971	933	945	991	997	1008	426	996	992	257	1335	997	1003
401	968	802	1042	780	997	959	988	1050	1041	961	1082	937	972	779	899	1142	1021	1052	986	995	986	626	911
1046	1082	1074	988	1007	976	992	997	923	852	989	989	965	1052	948	996	978	1002	996	904	995	1041	997	976
1301	999	1239	998	1000	640	924	1044	974	1003	989	983	987	947	1040	1044	958	965	995	978	877	980	929	974
975	950	1027	963	988	973	926	1017	962	878	703	964	1000	626	931	1061	974	976	978	958	887	955	908	930	998
957	931	971	901	943	919	738	618	945	956	902	1102	931	926	955	996	967	964	915	953	967	983	1001	949	1001
1059	1058	912	901	928	959	922	960	913	1085	873	982	903	896	967	955	947	929	948	1001	796	1170	926	954	915
264	988	972	1007	1002	965	988	959	964	742	970	1140	973	865	947	953	1054	917	957	987	456	894	661	908	962
959	972	978	1076	991	939	969	967	909	948	991	954	945	929	940	991	1270	970	1001	1271	1002	980	1531	979
996	1003	991	1000	980	962	969	978	990	986	1003	1025	999	964	958	970	987	994	1021	983	972	987	989	978	1015
1457	985	973	985	966	916	1030	957	964	970	935	864	967	963	1023	1006	1005	1006	963	996	1052	991	978	1019
967	314	992	967	798	967	956	977	1024	1011	967	975	944	948	978	967	964	998	965	978	1000	1001	952	878	951
950	799	995	932	959	960	928	944	947	959	1033	969	943	908	964	1004	962	958	942	925	942	952	611	969	790
929	914	942	943	954	627	885	902	865	835	1000	932	945	948	948	246	944	732	895	899	891	965	915	909	943	978
968	892	934	866	911	949	972	941	982	903	1007	938	938	762	954	1026	944	1224	980	989	447	729	927	954	918
998	1393	928	907	996	956	970	995	979	986	1005	1072	1015	891	910	980	955	961	949	957	1002	979	640	970	915
922	967	933	973	964	976	822	912	948	955	949	964	954	1023	1003	997	983	735	1082	934	990	990	982	953	929
819	930	971	984	997	974	960	976	934	931	951	967	945	984	924	1015	675	1001	920	1030	962	953	909	824	972
899	959	936	957	921	988	916	986	952	993	784	1078	1008	994	962	989	996	959	943	942	869	986	988	975	911
968	963	934	946	923	793	972	1003	942	993	1344	712	933	950	912	959	909	943	978	958	916	931	800	936	972
980	805	834	851	986	1007	993	939	904	872	894	964	897	943	980	918	877	974	958	953	966	865	877	923	972	909
961	930	946	895	922	850	790	851	878	898	978	940	947	906	956	952	961	847	891	953	933	965	928	860	951	933
963	933	936	868	860	922	921	1021	934	979	989	991	992	931	914	874	967	971	991	897	940	925	971	986	888	969
1010	935	904	913	922	931	922	868	914	614	992	857	1035	957	911	894	904	955	954	964	937	896	910	964	394
964	889	955	899	940	382	1012	1036	992	947	946	932	993	983	964	839	954	931	986	971	965	992	978	922	875
908	904	924	921	988	1030	989	1007	969	998	949	928	985	903	905	885	1034	964	966	922	908	766	953	830	809
912	893	922	986	983	860	978	928	910	773	960	967	874	933	905	944	1004	978	971	916	930	907	913	923	917	930
832	993	949	964	960	965	908	921	896	821	955	837	979	973	933	911	907	933	950	935	840	890	881	911	977	956
928	1120	925	942	949	881	965	968	930	959	963	894	946	934	960	943	964	888	913	909	910	928	953	795	922	979
1018	755	975	925	933	1024	991	920	926	987	937	946	901	910	916	432	899	948	987	876	956	1546	994	929	957
1042	992	999	423	963	947	956	1003	1006	976	956	939	952	948	1631	958	894	971	1000	923	956	975	948	937	943
963	969	962	983	955	961	926	957	932	915	941	673	955	1730	975	958	229	991	935	939	965	963	908	992	912	999
911	931	962	1024	973	988	970	952	958	960	999	921	1061	967	951	381	984	939	1003	947	955	974	980	971	926
947	981	994	958	908	961	953	959	941	1015	937	942	965	947	935	918	889	946	935	962	673	906	645	1153	828
962	748	801	932	964	968	965	920	941	926	971	986	917	924	803	937	326	973	904	881	975	897	958	942	999	924
978	955	891	916	921	895	957	910	1525	914	905	622	910	1684	904	903	742	958	942	311	924	918	920	966	865
899	932	935	922	569	951	969	966	901	927	939	948	846	832	773	981	933	963	902	922	935	967	949	947	804	951
980	973	964	911	920	909	927	961	1010	963	967	952	1051	1039	935	984	544	1026	928	967	981	794	982	947	976
1126	918	724	1007	852	940	960	942	193	933	998	972	995	980	944	973	943	939	1014	969	993	961	976	1001	980
927	965	989	868	932	768	938	984	876	973	996	990	934	948	750	956	921	770	913	1000	980	936	955	952	965	989
1000	945	919	969	1009	1012	958	947	1002	947	948	903	949	953	970	974	990	946	988	994	967	953	958	1009	917
951	1217	943	933	305	977	947	961	959	951	718	922	941	940	949	918	905	948	917	877	929	965	963	1000	858
869	867	951	954	969	916	937	900	947	945	961	985	917	902	963	992	898	955	939	928	918	947	972	957	939	951
859	963	983	921	932	906	953	814	873	911	707	544	918	508	914	918	990	955	942	938	937	946	1274	996	941	997
944	906	678	972	927	915	922	939	1003	872	939	961	946	971	930	966	950	874	915	976	923	719	913	971	933	964
924	907	938	888	937	941	962	946	1005	915	914	919	936	998	969	914	801	932	857	947	1031	979	1274	952	947
938	973	997	981	924	958	783	961	922	944	954	989	963	746	959	1433	922	955	930	954	923	635	994	978	979	350
564	967	1039	954	964	1053	1001	932	1062	948	934	948	981	981	1026	936	940	997	1014	981	974	931	948	946
1011	1013	973	982	904	967	899	948	904	997	942	987	949	990	940	973	958	925	968	922	958	919	813	972	965
949	938	938	927	944	950	946	922	916	914	873	919	955	959	935	913	792	917	887	917	968	922	842	929	892	971
951	604	929	1011	719	971	893	940	964	902	937	940	930	910	913	910	975	902	900	879	880	890	942	948	940	980
754	905	929	891	899	800	927	870	410	923	918	924	960	945	902	869	922	925	852	357	943	901	930	329	949	950
955	962	908	926	966	852	913	941	943	827	944	968	924	965	956	915	932	938	917	1003	938	943	963	966	930	947
911	946	968	912	916	932	930	380	937	990	831	816	925	989	925	965	994	932	936	937	938	974	752	965	777	962
909	952	930	952	927	993	951	993	982	975	920	942	931	758	922	692	1062	890	988	815	938	954	958	986	970	929
931	944	949	930	953	930	999	927	964	977	953	937	923	898	964	928	965	944	977	914	942	933	979	893	906	901
980	931	944	902	985	1002	903	857	891	969	794	947	1149	970	858	868	970	925	950	778	977	929	947	927	942
959	807	959	922	937	523	880	911	698	1036	1052	820	892	774	956	959	1284	827	922	820	896	922	1015	705	1276
924	887	913	893	960	1001	836	891	934	904	912	935	862	1279	917	851	598	936	861	1357	913	857	817	917	887
920	952	953	950	931	971	981	967	1159	972	946	1013	1045	951	1008	961	970	953	971	968	932	928	922	945	913
914	961	975	931	959	972	883	610	927	917	923	940	906	921	983	929	967	965	978	908	980	974	991	968	970	961
1017	944	946	893	922	1062	952	976	1015	950	918	527	921	947	913	951	940	1018	922	989	931	964	899	989	940
1003	945	930	898	949	863	938	951	939	922	930	964	945	914	926	888	951	931	1005	940	930	946	957	960	1276
921	907	894	919	870	855	904	903	913	881	746	844	904	927	920	928	914	971	823	900	916	865	931	913	721	900
944	897	860	870	919	934	939	891	870	633	917	896	865	919	741	866	917	919	859	934	916	871	878	941	983	919
1005	933	956	908	453	1005	930	668	1001	942	913	857	916	911	1063	814	1002	925	929	935	894	997	944	922	972
956	947	898	1009	739	1012	919	899	893	937	909	890	914	961	884	965	914	899	910	905	951	930	957	907	988
900	998	913	957	968	1110	964	936	853	931	1041	934	383	958	940	1085	985	922	934	913	1002	922	928	944	944
923	968	924	933	949	913	924	914	882	935	901	938	924	929
