	134	104	244	261	93	103	61	141	296	156	66	107	90	61	114	239	232	84	76	67	140	212	372	108	80	71	193	123
189	279	133	96	312	90	220	76	73	85	205	133	245	103	80	87	134	230	74	123	93	247	259	92	66	98	130	127	63
205	155	254	74	268	134	101	246	176	98	318	168	96	254	162	211	236	183	273	84	105	102	113	200	66	204	131
239	98	98	129	202	166	168	155	122	131	175	214	122	200	99	104	145	241	297	63	173	68	243	260	96	216	167
110	204	96	146	190	194	72	69	90	77	108	268	244	220	211	73	91	326	69	108	103	66	250	242	206	82	68	157	125
144	166	73	211	246	103	153	228	86	211	126	245	206	203	95	257	144	271	176	120	128	61	153	129	119	236	151
69	92	75	134	85	81	290	187	113	153	168	140	157	220	86	74	88	96	119	170	190	244	283	278	114	214	283	288
244	133	145	240	144	208	235	213	109	94	281	220	86	234	65	212	117	297	274	142	162	62	188	116	135	75	329
161	270	258	107	134	218	151	97	177	311	195	85	256	309	278	234	213	270	134	280	212	213	231	69	110	88	100
142	92	139	113	187	212	181	65	143	75	229	279	188	139	99	187	322	160	75	280	215	70	155	60	109	103	185	232
247	206	207	175	96	99	131	122	289	66	75	136	288	168	257	72	304	176	105	212	191	214	258	217	159	97	132
101	107	290	60	69	301	119	129	86	199	147	197	242	134	128	235	240	243	229	136	90	61	169	221	295	164	151
184	329	62	215	174	333	209	143	182	90	76	208	79	317	239	248	144	62	144	220	220	87	243	79	62	148	198	62
190	264	96	168	78	64	135	172	247	68	90	78	175	161	290	68	151	67	169	84	219	210	216	75	159	125	124	157
187	212	155	97	81	86	79	338	78	196	150	186	93	165	251	244	233	129	335	250	307	216	265	120	68	133	88	64
73	93	154	253	187	225	250	126	140	63	309	166	74	112	119	297	266	149	190	76	105	95	275	233	241	321	95	66
261	111	61	78	95	62	317	226	69	186	113	133	183	94	130	175	74	114	217	234	277	105	66	76	327	242	84	136
133	112	198	142	163	136	61	285	165	187	109	185	118	220	254	94	239	115	118	137	251	213	183	258	199	82	146
75	215	319	75	132	96	150	102	177	75	87	68	113	136	244	108	165	218	61	210	206	297	123	67	160	69	152	135
87	86	102	258	194	146	261	71	152	282	234	227	105	145	254	261	60	129	132	209	258	199	87	289	178	103	252
165	132	189	228	215	60	99	94	150	217	87	229	98	69	244	107	80	132	99	91	244	302	144	165	265	338	66	206
111	163	239	248	239	70	185	114	226	127	94	81	134	107	208	195	117	122	190	215	60	113	352	251	108	62	69
122	137	213	247	158	105	270	190	183	168	209	207	74	208	189	331	121	101	219	155	190	238	169	91	207	92	157
162	89	138	78	130	111	65	120	192	85	185	243	62	80	202	209	77	65	101	305	162	80	282	145	141	158	133	279
78	206	105	211	272	292	189	68	119	166	141	200	149	121	96	96	189	194	125	214	155	114	116	149	90	213	163
102	156	65	109	81	77	203	270	92	72	286	112	163	66	280	283	218	208	123	244	251	271	141	65	246	68	206	180
132	110	175	97	155	143	70	105	68	163	161	277	292	336	165	276	74	180	229	116	199	66	119	237	282	190	279
336	179	174	254	90	222	242	204	63	109	286	88	193	121	158	224	184	216	171	76	164	111	263	68	86	105	224
129	74	200	149	80	101	147	163	72	203	147	194	82	105	129	64	277	140	70	131	127	154	259	329	324	81	219	170
68	107	204	169	263	170	74	126	76	165	152	173	98	128	178	63	240	161	127	60	210	182	61	254	68	112	271	280
273	167	64	173	91	179	84	120	106	167	184	92	256	186	131	95	161	281	311	202	141	249	225	77	213	193	60	111
143	108	84	114	223	73	89	162	90	79	241	95	137	61	165	142	262	334	102	170	269	122	119	149	99	237	263	214
242	286	224	95	279	208	110	134	134	323	70	73	70	238	148	197	262	122	63	132	141	122	252	215	81	128	71	95
151	233	261	237	63	165	66	107	67	173	156	258	169	73	192	224	136	67	248	341	109	131	257	134	141	168	184
299	259	256	224	219	302	242	80	107	126	90	96	67	149	80	84	278	295	262	281	76	288	68	198	254	267	80	66
72	108	147	128	281	177	255	279	124	97	92	61	280	142	116	68	222	206	102	209	202	304	286	70	213	274	146
84	275	186	171	109	281	130	162	122	74	257	119	218	244	231	304	88	214	75	190	65	169	84	94	112	96	168	334
61	194	130	125	186	121	182	65	267	130	143	247	124	194	257	95	217	174	105	177	235	123	234	60	269	118	103
206	119	91	221	70	246	134	332	250	114	164	113	248	104	107	284	93	194	99	216	98	66	165	86	89	287	229	210
95	131	197	69	278	155	129	77	208	270	79	195	66	91	166	88	101	173	94	136	74	114	67	66	166	245	82	65	178
166	66	220	168	84	191	112	106	101	308	94	251	176	175	170	206	86	77	240	71	127	63	87	218	107	273	112	88
95	62	299	161	197	114	160	198	64	98	153	65	177	169	202	266	123	86	84	84	213	147	126	139	140	237	90	63
148	98	159	93	196	109	79	108	131	149	188	209	79	149	202	336	105	183	96	205	129	246	105	70	101	69	171	85
258	123	72	167	278	133	76	125	87	113	206	223	181	113	102	223	62	189	157	96	204	72	272	202	150	134	71	103
87	209	268	163	78	86	142	80	90	87	67	171	200	150	216	140	96	208	67	61	156	91	116	203	71	328	262	326	254
185	85	86	68	152	124	251	318	102	246	332	127	121	128	128	61	222	283	322	70	208	63	177	85	71	118	151	158
169	95	132	212	110	116	289	206	99	240	255	71	111	88	351	207	263	106	229	196	222	269	252	93	178	71	182
67	188	225	74	237	127	211	81	106	87	150	89	177	296	256	156	137	88	244	75	92	122	192	250	112	98	81	88	133
153	155	322	176	155	82	118	72	216	127	148	94	82	113	314	165	245	197	128	96	64	112	181	271	77	139	289	109
93	254	179	135	350	231	90	127	290	153	284	121	253	263	218	211	213	132	184	175	162	172	125	191	77	165	147
95	67	154	330	73	240	62	251	93	188	282	189	136	258	296	103	268	84	177	202	105	118	149	201	211	194	65	156
234	236	185	70	184	65	79	65	319	215	91	162	112	174	133	299	228	94	287	243	136	77	193	114	217	96	77	116
160	149	137	68	221	103	98	85	237	332	189	262	111	96	232	97	153	101	63	71	283	261	76	268	122	168	84	288
76	139	63	175	113	61	106	69	151	109	101	133	87	150	101	108	168	88	194	289	175	119	168	211	277	63	84	103
304	220	147	110	212	257	73	106	62	98	117	120	120	152	100	110	71	83	175	204	258	61	113	71	161	149	165	161
70	72	70	67	84	77	234	303	65	89	160	104	133	211	114	116	83	80	143	344	354	61	73	253	169	102	79	71	290
198	60	131	86	279	104	72	148	158	122	91	229	278	300	67	76	75	223	258	144	194	112	252	215	184	247	108	253
81	166	149	62	232	283	112	97	231	209	215	142	62	281	70	336	64	119	226	95	144	70	122	222	107	86	67	110
203	164	305	168	141	81	86	99	207	135	203	219	100	201	126	99	64	168	227	99	140	140	112	293	251	174	131
84	173	174	161	134	86	341	127	180	180	198	171	83	245	104	170	165	113	89	84	252	78	193	143	178	114	234
158	61	133	82	176	89	193	161	116	111	67	172	70	125	168	93	306	277	230	129	212	92	208	189	336	201	101	303
233	305	119	293	223	63	162	108	244	167	171	133	66	228	298	122	62	214	74	239	131	169	94	107	146	171	82
131	64	171	81	249	149	131	224	165	118	303	199	150	145	75	228	152	194	71	183	77	148	186	63	91	109	163	272
182	98	103	263	234	319	83	159	192	262	184	231	211	268	69	155	110	159	148	203	216	117	277	81	188	200	68
160	255	113	121	167	125	156	140	186	305	240	131	132	279	230	111	99	70	157	103	88	215	227	181	132	63	155
140	64	173	69	211	306	113	234	250	297	219	62	210	70	126	123	308	291	187	246	108	101	304	242	265	232	192
128	126	222	165	159	153	190	137	313	172	90	108	88	98	64	100	133	88	333	146	295	233	100	120	330	134	237
123	315	112	163	81	93	150	74	185	69	151	273	128	125	93	287	199	63	220	230	279	135	71	131	141	209	259	114
216	112	165	86	168	76	69	246	241	278	276	61	217	164	275	178	133	140	123	101	239	73	108	99	148	132	182
262	291	198	138	195	129	119	242	65	152	112	275	221	82	278	247	227	176	133	61	206	72	132	68	183	197	206
136	201	259	167	129	177	195	201	260	100	161	239	104	102	267	270	90	192	112	204	113	176	82	181	270	157
123	81	215	69	254	95	61	232	98	89	75	73	138	307	127	102	389	171	203	93	146	203	219	281	140	165	180	98
61	155	99	162	102	182	307	69	149	233	253	173	165	117	100	123	209	87	213	95	198	87	147	270	234	200	63	127
84	72	166	342	92	131	173	96	223	235	128	74	122	142	93	105	68	111	72	192	234	237	200	60	185	146	153	91
89	214	269	172	64	128	108	78	224	172	92	292	178	72	308	110	114	304	191	268	354	89	149	158	328	106	117
75	124	92	106	329	76	131	157	76	126	82	104	142	135	135	337	189	65	125	303	147	160	153	324	261	82	105	171
270	242	269	82	85	141	84	194	122	153	274	193	203	71	330	284	150	84	263	170	105	65	161	65	135	118	103	246
247	235	177	62	68	119	176	100	285	63	170	296	88	238	73	220	124	213	123	214	194	99	221	213	131	153	97	157
129	84	98	233	176	67	91	134	97	81	60	217	230	79	107	242	185	62	190	114	119	86	198	92	159	327	85	324	217
289	183	107	316	282	346	105	262	167	123	231	188	108	143	206	316	128	212	332	110	89	100	76	62	225	264	176
201	208	74	187	205	65	149	171	63	126	87	289	222	94	215	330	217	129	94	336	201	187	258	79	218	128	103	204
267	173	203	255	275	159	182	195	245	72	68	271	96	120	122	157	205	106	209	60	276	271	342	63	294	61	142
177	140	169	106	60	273	235	205	207	107	179	156	87	146	79	60	196	272	216	63	167	67	182	61	229	242	187	60
245	76	119	125	91	72	287	88	193	77	174	107	223	234	284	184	229	76	70	264	90	66	252	80	108	121	230	175
120	122	72	238	277	85	321	134	65	66	275	65	214	237	75	93	121	269	307	200	75	289	155	148	117	197	159	116
66	240	90	106	123	152	62	119	131	81	169	249	140	66	236	291	233	188	91	161	238	236	280	183	152	203	262
72	76	80	255	188	218	131	80	202	153	69	136	251	190	234	139	94	88	129	184	163	280	90	169	171	137	176	60
82	162	78	113	67	132	100	111	230	279	115	146	252	143	192	88	252	92	267	97	254	186	306	84	296	131	137	294
175	246	228	164	166	74	78	160	155	223	107	209	274	138	79	318	226	176	175	76	123	212	244	250	69	97	77	245
104	216	122	126	138	86	193	189	100	256	126	68	264	238	77	84	126	212	84	141	172	84	77	105	60	237	101	71
67	240	79	152	168	277	340	305	328	93	173	115	64	173	98	181	243	81	71	226	161	94	117	67	112	252	84	185
300	167	65	214	95	78	105	254	218	187	190	215	150	91	103	235	341	74	172	193	234	294	215	121	100	188	114
157	95	209	256	80	212	110	112	202	63	195	64	100	197	240	84	260	68	161	83	178	99	166	172	79	69	89	185	212
265	320	286	308	60	94	72	107	82	81	317	132	66	251	97	129	78	85	226	280	133	180	67	86	68	69	88	170	145
80	139	67	148	243	74	218	130	143	125	110	101	262	160	157	121	195	179	240	188	126	61	144	108	185	82	249
76	189	240	220	166	205	218	193	227	245	115	125	61	84	102	219	266	143	115	101	123	151	81	143	239	149	89
85	132	74	294	142	66	169	240	86	306	157	79	156	83	206	87	129	122	226	69	85	276	167	71	229	96	97	98	150
69	117	87	186	179	263	178	230	185	67	212	92	175	269	269	132	144	170	103	102	144	139	110	332	237	299	68
258	195	226	265	126	222	289	248	226	273	250	92	237	263	189	198	131	250	69	180	158	137	116	325	92	133	69
337	106	118	69	179	275	180	60	178	245	129	63	120	265	159	136	243	80	93	208	87	196	122	227	67	131	67	261
155	154	224	250	239	262	280	127	133	200	150	115	159	100	69	62	183	83	263	219	301	213	192	197	235	199	137
87	341	256	116	161	269	150	246	60	193	123	255	95	253	235	224	88	104	229	295	149	108	243	82	68	137	168
202	134	219	233	213	134	171	87	170	288	159	67	71	181	343	68	215	123	107	121	101	255	173	94	145	221	201
74	91	196	128	77	286	279	164	144	298	250	203	170	116	269	187	152	145	81	118	81	206	90	189	166	107	81	214
185	219	278	212	129	208	165	257	65	80	235	182	69	82	144	148	79	288	82	149	144	166	116	203	67	116	139	197
328	71	130	182	96	126	273	170	134	125	130	231	98	243	93	247	222	200	190	307	294	122	281	262	186	133	142
182	188	272	245	241	158	79	215	197	157	122	192	183	75	238	226	128	237	65	64	135	95	188	182	187	145	66
141	119	116	152	74	202	211	142	151	111	158	79	117	193	64	304	266	72	70	171	66	62	105	147	67	240	219	128
239	102	188	320	88	189	98	337	82	140	341	269	237	212	122	71	67	83	133	110	161	96	116	173	61	220	341	108
118	333	321	242	77	218	242	227	170	133	79	169	164	94	89	63	124	90	238	93	187	167	238	93	152	283	212	332
136	212	260	98	151	72	256	72	229	93	247	282	112	166	90	68	286	82	67	151	107	335	113	89	119	83	263	63	65
64	60	126	232	225	167	245	216	246	91	76	263	61	194	157	77	230	60	169	130	135	196	98	199	250	165	224	73
171	209	60	164	323	87	233	271	220	142	192	172	274	80	110	95	76	281	250	60	76	203	188	73	193	146	130	148
65	118	122	245	241	124	137	119	149	306	230	309	128	98	126	98	100	94	78	113	72	105	253	165	241	100	81	279
134	138	187	265	148	101	120	63	142	116	116	86	129	241	259	242	93	176	82	300	262	95	71	242	107	125	85	73
106	143	104	182	324	60	203	179	63	154	150	70	65	68	87	177	91	247	97	62	94	276	95	97	237	81	193	61	229
83	61	242	252	139	247	67	150	89	129	97	153	229	251	120	146	294	181	95	192	74	306	95	120	98	117	148	68
235	91	274	152	145	91	181	139	236	279	238	210	118	141	136	67	66	124	194	92	91	73	193	188	269	155	208	125
113	136	243	210	106	158	209	110	178	188	96	83	75	235	200	96	239	225	207	235	261	69	133	236	114	166	109
118	257	264	228	89	179	174	263	202	87	104	137	295	134	175	270	282	233	68	275	226	112	340	91	250	102	234
88	186	316	248	225	174	162	118	105	219	69	198	223	287	101	100	239	62	64	119	65	66	127	64	153	92	101	60
270	226	334	169	214	314	75	90	82	253	116	147	77	61	62	126	195	296	165	280	109	233	223	120	242	157	170
91	70	73	245	163	64	156	107	222	100	115	97	125	244	210	122	232	333	326	135	202	190	118	64	161	136	67	273
202	79	339	91	123	114	73	297	211	136	317	72	209	190	80	77	247	246	141	281	121	91	72	124	99	223	78	147
211	233	209	146	217	217	150	111	92	145	250	190	190	225	86	126	227	163	265	82	60	93	136	204	156	97	158
233	222	175	142	79	236	76	206	65	98	87	85	207	81	100	136	128	168	119	95	169	66	107	119	60	106	170	84	99
108	125	84	153	122	251	214	168	99	129	101	237	83	94	223	92	168	225	235	268	91	89	105	112	226	100	99	197
146	97	295	313	210	118	170	133	127	215	325	295	113	207	60	161	129	240	60	295	74	125	79	265	84	115	247
105	156	151	95	106	103	214	209	254	174	155	132	228	75	78	188	141	106	62	240	193	157	207	290	253	275	183
186	135	155	72	102	71	221	153	87	168	86	88	65	165	63	136	306	188	81	114	188	192	202	72	235	120	89	213
77	69	89	85	148	144	258	118	256	346	297	83	169	254	72	223	178	83	150	61	68	194	127	180	116	192	160	63
276	67	213	167	277	246	81	208	68	77	99	325	184	110	200	315	204	141	215	137	115	208	181	99	137	272	119
320	299	244	194	68	61	156	148	84	272	157	192	208	264	241	198	208	157	182	155	170	253	89	259	88	69	231
262	312	126	203	66	122	212	135	71	276	88	77	229	108	78	192	98	103	251	128	69	156	208	60	241	73	86	156
112	92	60	251	240	280	114	187	122	75	187	209	212	88	85	198	228	292	208	211	175	155	85	73	76	151	78	124
286	248	210	80	191	108	283	124	76	80	218	337	230	77	149	88	141	132	206	258	131	323	82	256	136	131	255
220	329	110	124	94	107	283	282	164	162	65	78	156	69	227	238	113	96	133	186	186	126	285	264	214	94	149
322	125	120	181	133	100	272	163	143	261	191	232	200	100	129	105	116	148	275	118	112	341	85	147	96	104
157	251	175	70	110	254	63	63	206	174	264	171	229	136	66	104	114	274	210	165	221	98	183	296	241	231	235
131	184	313	180	95	145	188	67	312	277	63	141	153	77	66	74	104	120	103	119	230	66	190	217	73	189	97	69
74	110	122	78	139	196	303	113	92	286	110	170	211	83	112	64	61	202	138	245	175	74	299	241	131	132	230	124
123	135	115	223	138	272	104	218	180	84	185	166	242	77	186	146	135	96	64	214	127	60	172	120	111	120	296
110	133	242	219	73	227	226	81	266	73	85	78	237	215	148	262	267	61	220	269	180	104	74	208	205	152	156	74
73	269	90	246	284	211	91	79	231	77	111	125	165	85	84	142	150	106	193	219	82	111	119	132	135	308	104	80
137	129	166	160	202	118	278	178	341	173	234	192	218	185	224	109	312	107	229	146	84	161	64	201	228	247
344	215	116	135	112	139	150	84	61	84	327	274	238	167	67	151	66	73	113	345	164	68	274	82	175	268	273	125
111	70	182	263	153	177	110	62	202	108	89	244	255	86	157	106	180	207	135	63	233	101	97	235	231	157	194
320	82	184	114	63	69	70	291	315	158	245	168	66	100	133	137	145	105	233	171	70	288	222	199	67	99	96	215
171	164	280	211	155	93	254	224	276	167	232	205	129	91	89	113	140	89	101	276	102	237	73	71	103	177	86	293
73	200	242	138	66	100	69	72	200	177	153	315	242	88	103	66	220	267	134	211	104	68	99	167	156	132	313	85
151	69	213	278	158	168	161	231	101	212	228	187	270	282	143	72	172	106	84	321	290	196	129	157	86	280	114
137	249	74	214	69	62	110	88	243	255	258	91	66	224	111	169	90	128	99	151	130	289	63	139	162	66	132	238
139	77	61	107	99	255	104	65	192	186	273	205	202	189	70	239	202	178	76	213	128	110	99	123	248	102	86	94
224	111	195	187	62	87	60	62	163	114	235	67	107	262	170	247	88	322	188	259	325	262	68	305	80	61	91	117
201	254	229	95	237	188	90	186	217	162	193	61	251	161	156	256	118	75	70	137	209	70	156	156	73	232	72	187
205	230	118	220	117	124	209	159	61	71	109	111	85	257	316	264	312	195	151	149	110	105	81	169	87	253	71
101	146	66	197	272	174	76	61	189	223	65	253	157	122	175	278	256	234	164	213	93	161	92	61	121	219	98	164
168	137	129	77	146	120	219	120	166	60	320	164	229	318	136	100	141	180	261	127	79	277	75	188	72	77	77	292
111	151	227	228	253	272	211	191	256	239	231	84	142	293	232	93	320	87	75	137	109	267	67	85	73	198	159	265
239	182	159	202	92	166	156	62	180	78	80	156	116	93	154	68	118	106	211	232	74	183	150	125	202	78	79	99
87	105	62	62	102	134	115	181	70	150	173	210	230	140	91	229	172	232	118	102	135	114	237	76	92	91	246	63
75	61	254	64	66	64	106	176	201	149	157	111	173	79	162	111	124	68	107	86	140	121	89	214	319	289	239	273
84	146	258	76	67	105	152	157	74	89	245	81	87	238	119	355	302	167	279	151	90	248	199	339	326	135	68	248
224	106	235	177	119	92	62	129	91	98	82	148	292	218	288	123	301	121	294	179	106	87	65	114	78	175	108	131
102	231	79	137	257	209	142	85	92	149	71	184	80	143	151	104	190	148	315	246	310	219	79	318	159	81	287	195
72	335	295	237	64	106	96	68	116	82	338	111	114	223	119	117	304	228	196	88	67	184	124	65	76	95	234	82	208
248	63	336	62	106	66	190	76	183	141	82	60	162	233	140	132	211	62	126	130	223	348	148	223	249	253	327	140
218	62	274	190	147	122	96	243	100	207	153	179	93	194	248	138	105	146	240	99	119	303	216	136	149	202	95
178	201	314	288	348	88	125	128	123	236	246	190	271	341	132	216	320	105	108	95	339	250	92	135	115	90	180
76	88	104	162	299	193	76	276	268	133	107	239	223	246	99	247	110	276	82	100	103	204	100	201	187	83	74	146
79	60	90	88	118	94	163	88	85	230	159	72	126	242	89	175	64	198	101	308	263	248	104	303	234	97	74	174	91
141	141	286	261	142	70	85	221	136	173	134	234	61	78	188	181	136	221	166	125	250	83	152	250	117	66	259
223	136	99	285	233	207	78	62	86	155	192	312	173	110	116	170	115	113	305	312	195	232	75	198	300	93	151
67	242	133	113	177	238	292	280	127	105	194	242	304	88	154	270	187	267	109	167	222	155	307	316	190	218
92	69	222	243	135	149	83	186	60	100	117	98	155	263	145	124	158	228	185	205	261	262	320	68	175	208	70	277
182	123	207	67	279	296	198	180	190	195	248	145	273	175	237	230	107	91	121	274	221	62	61	160	201	114	101
267	102	144	62	251	198	149	211	77	153	172	64	187	122	135	66	244	336	206	173	72	107	100	112	128	135	82
64	111	95	205	193	124	127	118	102	106	143	108	60	145	129	138	108	112	332	197	147	163	262	169	219	78	142
187	73	67	130	252	107	193	228	164	244	116	254	130	305	260	95	126	181	281	284	93	133	119	255	247	71	103
173	339	255	270	85	122	170	146	214	218	269	284	230	308	261	156	77	64	95	84	287	74	282	246	291	168	64	94
188	111	181	356	97	94	68	138	246	250	78	73	158	174	228	256	89	214	165	73	71	300	176	244	175	162	340	116
145	221	236	163	197	63	130	123	105	149	189	143	260	161	70	188	278	230	313	272	202	262	70	160	308	249	71
316	328	179	175	82	241	161	87	207	306	95	120	320	234	228	180	219	74	118	138	73	171	230	135	153	215	63
113	133	146	150	70	133	74	345	304	90	163	64	233	163	193	277	201	231	182	259	295	215	95	149	322	109	98
219	113	159	115	78	77	74	173	170	201	74	174	61	76	68	185	90	133	195	238	156	132	121	236	83	232	173	67
202	123	226	199	111	199	192	93	100	265	272	173	195	145	214	166	118	121	111	204	64	167	265	82	215	228	65
69	322	138	255	79	80	60	138	199	136	205	92	174	179	141	86	95	116	238	209	114	111	144	72	236	65	240	126
135	129	75	206	212	149	237	247	99	63	119	98	71	62	118	206	279	76	280	86	91	71	188	70	66	119	106	194	79
152	83	127	266	179	102	127	102	81	85	119	91	352	218	262	61	242	228	75	134	133	250	235	261	222	94	257	133
217	70	108	162	212	226	118	168	269	218	277	69	229	117	113	162	66	234	87	213	152	230	179	179	242	99	134
258	209	89	161	90	107	75	133	131	184	72	171	128	116	319	226	77	123	269	313	191	271	69	72	334	99	83	69
185	140	157	296	131	110	70	223	220	201	177	169	76	110	89	162	281	157	122	182	214	317	89	210	281	102	169
92	188	144	86	88	81	101	231	232	256	128	102	106	136	63	183	157	200	253	271	77	111	105	97	136	108	143	121
153	139	61	163	273	122	184	199	141	119	185	249	199	106	122	65	203	269	126	72	152	69	188	216	222	185	122
130	149	123	158	265	133	150	261	280	145	96	315	83	220	258	221	251	70	127	274	168	97	111	139	229	327	220
147	337	301	329	124	162	317	154	75	64	84	269	78	151	70	115	313	151	86	138	94	127	174	285	282	108	144	117
132	97	180	203	92	114	215	83	84	60	231	147	78	196	213	191	332	111	343	298	85	186	155	321	121	101	208	99
239	287	327	140	226	265	63	83	155	131	154	311	116	111	143	69	88	159	322	348	178	65	179	107	76	156	217
278	175	266	191	283	102	190	253	296	244	163	219	144	79	134	224	73	60	77	194	64	193	76	282	85	177	204	112
124	161	254	220	74	105	214	246	114	93	250	274	272	87	219	147	102	216	80	153	122	264	70	201	112	80	137
156	295	150	88	111	82	233	275	338	209	292	212	243	171	70	228	67	127	192	77	237	300	280	104	85	78	149	98
237	247	199	68	171	277	285	241	212	268	77	83	160	172	256	133	133	79	272	218	61	125	258	82	102	152	232
89	108	199	99	224	88	192	120	108	231	134	92	75	399	303	130	126	165	168	261	209	153	266	127	193	78	60	150
159	102	76	283	125	130	113	160	214	123	195	229	243	267	183	71	336	286	111	172	348	174	327	193	126	113
267	182	185	137	60	126	196	78	140	239	133	77	132	66	224	225	197	302	221	225	103	236	204	230	226	168	219
292	205	110	194	288	337	336	244	113	68	157	241	61	264	124	148	69	209	81	275	216	157	76	244	328	314	153
119	179	103	113	216	314	209	283	254	291	249	277	354	183	73	254	183	96	110	224	167	89	366	233	209	108	250
258	170	97	305	76	152	89	214	249	79	105	95	177	193	143	73	247	144	163	232	84	66	60	132	112	222	102	71
76	265	170	113	103	120	260	128	63	80	67	100	96	128	102	100	196	66	144	244	108	145	216	268	200	80	68	63
84	190	246	298	262	290	131	83	152	78	66	127	171	203	86	139	191	141	172	113	168	86	176	266	80	213	234	185
233	179	145	62	65	91	185	92	161	243	314	208	97	100	77	66	81	81	201	213	120	71	62	239	106	64	283	91	198
105	274	127	190	114	191	62	121	129	298	82	81	310	93	94	119	174	275	277	128	78	204	74	267	226	264	221	131
130	137	102	227	172	70	158	111	268	81	326	71	61	249	95	114	277	210	230	232	183	145	272	259	211	153	206
318	290	301	91	170	75	186	60	205	233	270	155	196	167	158	104	81	199	247	187	85	144	144	210	199	232	217
80	184	104	78	120	213	106	109	306	243	150	226	95	215	134	347	103	120	98	289	253	317	60	196	90	137	251
294	209	218	148	130	287	64	66	226	101	221	219	91	148	188	180	212	96	109	169	132	78	94	238	215	103	150
157	205	118	90	98	149	253	203	60	202	168	133	203	252	119	78	71	240	142	66	279	216	75	165	186	235	90	196
222	234	169	76	192	143	88	226	169	126	181	108	167	94	265	281	138	124	110	107	201	119	230	262	83	163	190
84	90	78	116	193	205	97	130	199	91	215	95	277	91	180	219	214	216	121	95	101	284	183	163	96	70	220	93	64
183	156	96	61	184	146	263	307	340	199	341	283	81	256	91	95	129	116	132	61	99	190	256	170	249	201	222	226
90	86	266	135	65	139	140	242	149	71	242	117	141	305	203	75	80	61	256	290	191	108	141	142	139	185	91	110
189	142	112	186	84	272	110	81	179	134	199	189	150	310	177	220	203	203	128	93	334	260	84	265	317	293	77
61	164	207	64	178	114	231	228	71	167	225	221	127	61	88	277	215	198	129	136	240	240	286	181	257	237	178
87	115	123	327	178	312	75	123	200	282	118	126	312	149	84	123	176	164	246	262	249	177	130	102	111	92	114
105	239	189	282	184	242	200	201	137	146	186	69	68	70	174	93	78	131	99	300	176	270	86	242	63	63	88	240
77	70	252	250	92	158	76	89	216	191	73	114	61	150	195	142	288	228	163	284	81	174	79	230	302	246	60	105
244	272	174	84	126	165	237	112	77	109	155	142	92	290	275	273	94	123	83	96	134	151	275	142	134	191	248
203	257	255	281	186	159	151	238	120	106	142	138	104	304	128	70	228	73	210	110	225	199	210	151	118	207
88	121	121	66	176	141	187	208	278	210	88	81	113	155	61	199	275	197	66	247	147	174	104	292	288	88	196	250
170	143	372	255	167	319	100	132	79	89	65	257	133	104	87	147	239	85	110	196	61	88	144	147	130	116	108	153
162	111	114	162	298	144	286	122	81	65	131	77	273	113	100	109	83	269	75	181	205	158	92	252	160	114	127
251	70	160	70	335	216	103	228	190	81	100	75	224	238	204	66	211	141	105	92	129	151	73	276	283	170	137	308
174	256	89	131	245	286	252	289	245	61	121	78	77	236	106	90	143	126	154	268	82	169	124	62	140	251	245	117
130	90	163	157	84	164	91	182	65	223	65	137	260	133	66	228	135	245	275	176	143	222	219	277	67	133	282	163
117	264	185	97	329	136	84	87	134	61	227	241	218	219	97	80	182	275	207	217	160	126	100	139	136	105	165
292	263	110	165	154	64	215	133	128	285	262	160	109	204	262	151	95	256	274	188	253	233	209	232	95	194	223
257	69	235	271	245	146	95	100	62	114	203	99	258	211	105	125	114	348	329	61	223	145	75	147	194	87	120	293
171	98	182	111	186	122	72	101	152	222	168	88	186	80	70	295	160	86	127	144	81	60	153	81	113	71	80	163	210
126	117	131	91	115	145	145	259	238	89	331	142	171	96	148	195	62	211	220	101	167	71	161	92	175	235	283
295	337	175	110	115	217	64	207	69	139	82	203	264	181	229	80	130	97	157	224	247	122	156	76	110	133	100
156	71	162	210	76	249	149	110	129	81	290	171	67	74	207	187	119	90	227	127	82	84	98	116	244	127	82	65	225
184	229	66	66	92	76	288	165	126	134	178	124	68	191	253	92	85	149	265	222	68	184	103	110	224	281	204	302
81	200	277	365	188	144	292	75	329	140	74	124	170	163	218	269	164	281	88	142	83	84	266	258	95	70	141	198
140	95	235	107	318	197	69	216	140	153	289	99	177	96	103	205	121	156	161	92	78	243	198	213	93	79	144	148
145	79	72	65	279	168	221	156	221	224	203	93	200	104	132	239	74	204	142	144	103	113	141	74	236	224	309
182	74	308	190	286	281	63	109	99	284	241	218	107	122	233	119	65	122	135	191	101	72	97	107	243	192	255
74	182	249	190	246	88	133	86	167	191	189	229	131	131	247	185	238	115	192	169	111	90	231	182	143	162	186
107	202	75	154	298	227	190	72	216	200	121	247	147	251	107	99	88	140	133	68	250	113	120	181	272	220	62
85	138	101	89	141	76	103	128	172	146	182	65	114	195	267	106	202	254	90	115	103	214	99	81	93	87	125	178
256	240	263	95	110	104	86	71	207	70	247	75	119	111	241	146	242	234	154	79	106	165	102	217	325	318	129
132	310	245	145	208	164	76	92	139	172	176	92	140	70	286	60	188	159	124	245	229	324	259	78	120	89	330	73
250	92	164	148	132	165	108	189	308	143	69	228	99	64	115	267	279	221	274	201	146	78	148	86	255	135	279
212	124	158	331	255	202	87	149	88	191	95	69	234	113	125	269	81	200	280	270	262	243	262	247	157	135	161
65	126	75	311	143	250	155	108	75	96	102	192	96	72	119	74	190	83	173	149	65	98	100	123	99	262	200	152	235
208	188	257	284	104	295	173	63	202	159	99	130	214	119	295	203	192	64	122	194	108	95	289	215	79	242	264
66	129	226	168	149	95	115	106	99	96	180	108	182	74	153	156	170	335	256	227	142	144	129	308	97	167	231
191	229	102	94	118	88	174	110	67	182	139	282	125	71	108	184	140	235	236	115	144	61	188	92	326	309	320
184	78	183	64	88	117	206	152	127	141	60	60	191	143	101	117	264	86	195	317	207	146	73	121	62	98	131	206
204	248	196	163	202	180	167	252	264	77	163	238	136	94	127	105	140	167	267	251	249	107	136	100	223	288
73	64	148	212	161	211	74	160	87	63	216	99	187	107	188	278	83	112	102	245	205	133	114	119	71	70	185	215
185	223	123	118	215	176	291	188	76	243	116	236	137	249	120	164	195	262	178	90	148	136	90	108	60	80	158
146	224	66	225	255	144	307	94	188	70	220	148	72	321	123	101	348	289	218	332	96	172	329	161	331	328	91
282	254	149	181	207	259	335	103	150	278	100	173	82	173	197	91	261	208	195	225	70	135	87	85	98	265	67	87
179	294	250	64	130	90	302	71	300	154	197	72	213	192	232	213	114	246	91	210	96	267	240	69	69	199	106	85
234	227	146	78	209	202	270	279	270	321	242	99	263	153	120	148	94	110	160	145	97	116	312	211	124	181	84
151	71	143	124	89	157	90	320	82	106	97	155	143	185	277	137	104	177	87	95	329	75	213	226	71	93	215	70	219
74	192	132	213	94	91	69	169	203	131	130	176	190	62	283	118	278	82	183	94	275	127	125	270	181	87	179	221
199	220	135	194	103	203	110	207	332	71	275	106	201	130	252	171	282	148	271	237	208	150	111	214	130	63
245	84	62	264	258	226	60	68	72	93	61	106	105	108	135	138	97	168	187	150	145	232	141	188	272	130	81	243
305	195	291	250	93	61	224	161	185	133	253	251	288	232	215	215	151	98	191	119	65	254	147	244	76	212	275
254	68	145	214	128	122	150	228	285	134	83	238	79	92	84	281	136	127	137	275	133	314	237	107	172	281	197
238	158	96	122	303	227	272	256	268	107	67	178	126	125	102	129	163	116	284	280	90	262	102	98	94	63	147
109	106	63	184	83	83	77	88	135	102	212	153	99	156	194	128	289	227	253	213	177	101	87	81	242	243	143	144
84	95	292	62	162	85	138	85	183	102	113	182	173	234	279	176	206	74	240	284	217	176	248	192	205	216	257
342	206	268	260	80	76	292	109	143	254	69	229	166	63	266	174	264	271	274	94	109	216	114	102	96	224	71	250
63	78	80	103	179	274	101	213	204	238	115	125	279	78	146	99	140	82	142	113	132	289	142	183	78	151	185	278
240	216	60	203	61	275	158	118	70	65	206	66	218	77	301	144	92	109	119	66	240	220	110	165	267	284	254	67
154	76	184	228	327	138	108	243	193	92	136	129	126	128	134	116	120	82	133	322	100	147	149	161	116	125	110
174	142	232	250	213	165	188	218	83	121	89	262	165	126	161	177	96	157	280	295	263	145	103	121	106	104	232
260	80	236	268	246	291	266	65	80	60	227	128	255	166	199	256	79	78	158	269	258	150	66	149	93	87	67	136
160	175	74	185	128	178	80	131	68	181	251	253	177	155	267	163	143	247	124	148	140	113	217	271	245	270	186
296	91	97	210	206	274	129	75	204	274	175	88	257	225	257	140	151	219	298	114	250	191	127	108	168	95	177
138	201	70	223	102	144	280	202	128	245	185	77	247	64	61	99	95	122	281	72	81	138	77	149	73	280	182	63	121
67	215	131	86	227	263	162	138	68	85	61	167	187	60	270	189	87	155	185	179	346	216	259	269	82	189	215	150
284	180	246	242	125	72	129	86	77	294	96	74	182	62	97	117	197	154	91	232	191	265	114	65	192	169	246	98
237	76	184	190	80	242	67	265	126	123	259	307	72	78	309	225	76	99	205	260	73	73	206	94	284	76	80	128	151
106	133	179	146	131	257	128	149	120	276	75	197	124	175	62	175	145	97	155	108	279	74	111	85	307	184	297
111	85	303	66	70	82	145	146	78	86	145	128	76	248	239	134	130	178	256	82	93	79	222	111	180	75	148	151	228
80	80	93	127	182	179	302	282	113	153	149	153	151	186	60	79	177	239	294	185	313	188	143	210	178	186	313
179	323	106	62	113	317	110	335	293	122	181	76	158	298	112	132	250	66	92	102	100	150	302	101	280	161	135
292	81	270	224	276	197	188	246	234	85	139	204	90	104	282	94	334	83	203	262	61	242	90	61	95	325	130	112
177	112	78	125	131	161	227	185	88	83	187	94	72	196	142	213	117	269	278	168	154	80	94	70	173	242	101	68
65	113	242	217	280	127	83	172	200	253	203	143	248	183	222	259	220	88	134	112	303	118	156	294	72	303	184
160	68	78	110	197	214	76	175	161	141	62	261	102	147	87	80	271	111	126	173	69	69	148	88	260	144	212	141
163	229	224	320	106	166	240	322	153	154	149	144	287	117	301	282	257	241	130	259	105	155	207	162	62	136
123	122	94	105	193	135	258	308	304	335	149	82	210	306	281	231	247	312	147	246	176	127	84	62	174	92	95
121	186	81	171	87	241	136	88	121	101	112	104	74	101	288	210	180	94	309	118	122	410	260	358	190	76	95	232
178	118	101	112	180	302	138	154	250	126	63	103	249	155	86	84	62	117	190	201	170	230	112	137	300	156	85
271	148	88	141	62	117	193	166	100	192	68	212	244	161	75	158	128	248	65	136	246	97	189	238	223	87	80	75
118	145	192	107	184	116	185	96	75	202	97	206	267	257	60	238	105	203	186	253	217	277	197	121	129	71	271
241	148	81	144	94	173	108	83	64	210	304	113	65	280	183	162	114	75	205	78	233	65	115	204	106	253	168	151
196	84	178	120	99	146	148	273	204	136	141	234	185	129	65	211	129	131	184	137	62	103	243	162	286	99	224
82	230	201	82	260	139	298	287	237	133	80	78	146	117	173	63	216	223	104	276	113	84	72	84	144	185	114	253
199	120	170	148	214	166	71	283	198	131	253	241	218	264	136	131	189	93	79	326	213	234	149	120	181	288	172
314	234	236	290	154	87	244	154	151	184	204	134	67	119	73	102	67	82	168	155	146	62	111	106	149	288	82	71
327	222	125	212	99	209	60	163	132	86	108	160	210	150	88	184	65	128	87	127	78	311	156	182	119	209	185	203
333	115	194	96	68	61	235	224	155	80	63	187	75	234	221	215	134	170	309	253	118	110	151	147	295	254	261
84	243	146	67	175	210	83	98	283	272	90	84	77	202	130	111	185	90	145	66	164	75	99	111	224	160	286	65	78
153	64	121	287	165	84	152	79	225	159	163	114	239	238	252	122	128	65	69	65	142	102	108	90	198	77	285	204
137	119	211	79	218	273	109	161	231	85	327	115	172	114	154	207	62	122	83	230	188	277	75	185	223	204	251
229	164	152	189	66	141	135	91	189	137	214	249	324	72	108	117	260	172	75	189	121	202	68	101	105	101	64
167	96	202	114	95	152	160	67	60	228	169	249	125	107	140	213	117	152	271	254	331	281	282	108	269	266	280
102	138	225	73	114	313	95	177	280	106	101	205	102	188	254	116	219	202	113	176	166	123	139	106	258	196
93	152	130	281	195	202	77	108	72	202	112	142	295	307	143	182	105	253	237	83	207	103	123	80	113	81	139
203	233	99	104	229	124	160	101	92	171	235	215	184	115	83	203	209	142	115	201	99	98	85	139	80	182	217	207
139	78	132	80	102	83	181	131	66	193	216	214	266	89	126	272	199	233	258	232	72	289	186	185	160	177	259
120	147	116	171	76	72	230	77	140	252	184	142	295	222	125	136	224	63	83	106	91	204	116	92	109	71	105	260
274	194	174	95	116	76	60	239	155	85	180	138	107	73	115	208	141	69	275	232	312	181	274	187	112	123	137
197	64	107	72	209	232	177	60	122	213	175	257	215	68	119	129	150	172	239	223	207	225	219	74	69	61	64	272
130	74	182	248	62	237	66	146	254	242	119	222	72	290	117	73	157	112	123	256	62	92	170	72	86	77	90	264	143
95	111	199	77	246	119	108	86	90	200	108	142	151	126	139	93	232	145	219	189	189	247	78	243	283	246	62	154
96	66	286	179	98	255	296	135	241	134	173	95	97	68	72	102	89	261	254	74	229	251	251	263	301	221	155	125
103	286	289	111	191	63	239	218	191	67	68	148	76	193	156	99	141	73	216	211	252	249	121	214	232	163	158
188	69	270	96	147	130	103	65	208	69	206	236	196	160	226	170	90	251	101	186	266	323	69	146	141	284	94	128
295	78	129	167	88	225	177	205	139	203	295	188	105	277	91	212	283	310	286	226	271	259	75	147	79	94	206
256	227	68	85	260	231	283	143	307	226	62	88	115	62	253	87	145	145	85	125	138	119	96	60	272	167	85	160
302	206	80	132	69	67	108	144	100	122	113	137	174	72	80	284	251	273	115	110	143	98	251	245	143	118	192
122	93	234	270	308	200	151	226	88	162	79	164	122	164	276	71	82	96	186	86	198	147	169	72	77	278	166	90
66	63	70	64	140	173	263	100	93	191	101	125	64	309	176	236	146	109	170	186	163	204	250	241	176	81	167	112
231	265	144	73	224	273	76	299	175	110	232	213	182	202	246	132	172	153	128	109	78	190	60	248	272	145	137
123	226	109	123	83	138	213	111	168	191	150	115	157	93	141	108	216	261	298	65	60	265	101	227	160	172	195
83	139	146	70	184	141	76	101	75	81	272	69	171	118	167	138	163	154	202	263	83	106	173	233	149	96	144	115
104	76	188	332	148	330	213	188	256	144	88	105	192	355	269	158	100	128	150	172	198	84	198	79	157	72	238
291	195	75	68	134	150	112	152	65	142	90	129	176	136	107	69	168	211	119	106	66	143	108	73	194	71	213	323
183	153	212	178	122	122	129	75	167	135	200	131	81	128	289	197	92	61	251	166	88	61	181	139	106	121	116
245	155	257	192	140	173	226	304	153	116	92	169	65	280	215	116	138	215	184	207	250	236	173	114	187	261
85	69	210	140	185	189	235	133	291	141	239	253	108	95	167	199	76	138	190	176	175	68	200	126	85	207	242
99	69	149	153	230	164	69	60	61	68	125	95	97	121	72	133	168	131	73	74	126	166	95	185	115	64	62	107	74	93
108	66	93	92	109	243	149	81	82	208	70	60	96	62	119	194	139	83	66	259	282	214	70	134	273	138	168	96	224
222	138	180	122	137	181	319	204	63	100	96	147	91	248	85	75	206	123	80	71	198	245	236	172	87	200	276	126
114	236	306	134	168	64	118	165	86	256	70	254	187	76	264	175	101	97	128	130	96	133	64	137	114	166	73	97
114	78	286	202	137	74	284	257	107	106	274	330	194	319	290	178	82	135	97	69	309	118	86	263	60	151	94	180
193	66	114	111	166	114	116	185	300	281	77	350	133	179	189	363	119	216	119	165	98	76	246	62	149	211	81
245	193	240	279	163	79	167	77	65	202	251	69	130	277	117	91	326	252	338	76	126	74	89	72	207	202	60	191
187	187	171	175	135	101	90	83	83	156	105	261	177	305	85	167	204	214	100	164	206	131	138	88	146	152	290
84	186	122	189	285	67	180	178	77	183	130	86	72	154	326	331	158	92	100	143	230	187	133	298	272	158	255
189	290	96	170	150	150	138	206	123	109	75	155	90	164	253	194	83	178	106	100	109	117	67	85	90	94	127	216
98	227	228	101	199	82	178	120	152	164	233	94	115	213	186	116	136	106	205	189	253	77	162	134	199	320	63
117	73	259	87	63	84	250	205	69	207	187	280	89	73	121	285	188	101	104	70	145	144	202	148	229	311	205	205
63	186	207	187	283	134	61	234	97	118	233	161	75	325	231	187	239	259	237	195	184	66	239	288	62	84	127	119
234	164	182	254	120	352	68	166	80	253	191	73	110	96	65	117	211	168	68	124	115	227	124	118	84	148	300	216
68	217	100	260	253	240	300	98	87	112	69	253	96	260	180	86	175	67	139	77	164	203	255	201	246	170	69	64
144	288	80	281	317	173	250	96	213	66	281	208	130	83	157	297	300	280	105	159	253	240	68	72	75	275	298	86
111	60	172	171	93	152	185	66	198	67	168	272	145	191	140	62	193	126	241	68	149	61	175	256	122	161	80	151
100	189	92	170	73	171	82	240	245	262	232	207	61	265	238	144	274	155	111	319	180	237	130	137	195	78	119
156	173	231	283	86	246	142	164	67	70	178	238	297	266	153	277	207	115	63	118	101	224	267	111	251	332	223
278	123	83	148	175	320	285	220	294	205	93	199	80	222	224	198	168	155	128	169	305	116	65	94	152	118	85
116	137	196	266	81	68	72	190	297	223	213	134	217	83	66	89	116	69	159	171	223	167	99	66	92	216	139	99	139
93	105	252	147	351	150	103	137	206	83	260	139	259	99	194	89	238	68	186	79	155	67	109	123	83	121	115	285
68	240	83	135	150	112	142	177	70	172	106	128	345	231	160	94	159	60	262	78	68	77	272	279	108	205	289	62
111	206	228	99	85	181	92	214	116	141	60	160	185	294	283	291	108	292	192	290	78	171	68	194	157	129	128
255	207	134	83	235	251	303	299	64	166	95	76	136	196	194	159	131	118	83	212	243	237	114	103	309	138	112
103	173	262	167	65	109	90	108	77	71	115	94	84	161	140	73	60	347	313	240	290	264	86	252	82	73	155	96	75
129	189	232	156	73	123	148	202	204	231	238	228	155	298	157	62	209	68	295	205	141	81	109	224	252	110	155
241	102	67	110	140	246	249	214	183	77	180	123	160	101	153	208	146	164	73	183	296	60	125	326	122	150	85
129	274	261	252	80	100	146	245	184	114	99	75	65	150	78	145	70	292	91	86	259	71	223	260	127	105	124	108
166	189	79	118	91	137	75	172	148	84	99	255	169	80	235	65	164	166	91	88	108	61	242	83	125	279	86	84	166
238	193	126	222	126	89	161	312	83	224	271	251	61	92	67	168	260	106	93	113	190	91	166	81	154	76	177	101
62	153	86	68	246	101	156	300	213	285	204	77	93	350	250	187	128	181	337	159	109	165	281	127	104	158	113
188	154	167	84	110	191	109	138	264	64	72	224	117	65	249	152	178	193	105	157	234	248	121	64	284	95	269
62	157	104	233	100	102	116	61	299	218	226	150	254	253	240	237	166	156	234	270	235	272	154	128	157	164
78	248	84	121	336	298	324	233	303	251	73	167	129	83	172	115	237	201	168	219	154	82	66	198	101	147	215
271	174	251	132	87	85	175	83	150	81	117	143	180	254	268	306	146	128	124	164	130	75	142	121	150	145	74
223	219	72	251	246	117	137	80	333	191	66	111	193	192	189	76	204	344	78	210	218	143	263	218	69	89	77	113
91	150	84	81	93	101	124	220	98	167	84	161	111	285	120	130	150	63	255	164	72	79	92	126	176	123	267	171
68	108	115	66	238	174	247	162	255	189	221	330	321	300	277	257	222	200	132	162	65	121	147	158	108	61	64
304	66	172	86	146	290	230	254	256	165	151	162	237	340	205	101	179	78	201	122	293	108	66	143	85	245	142
62	186	171	190	258	82	202	179	195	179	107	282	293	187	268	233	193	100	60	269	119	104	229	125	130	189	77
151	60	305	189	62	100	69	211	292	64	218	298	257	277	141	61	162	69	300	357	205	75	142	65	101	313	192	87
92	171	253	157	124	118	332	244	180	100	248	188	194	69	196	93	94	159	242	119	169	182	86	224	146	272	87
79	209	257	179	276	214	248	198	348	285	168	81	84	69	76	117	315	62	85	225	66	185	134	180	107	192	83	128
164	133	130	141	104	73	289	135	62	121	122	332	197	74	83	183	141	77	70	81	229	81	227	225	171	101	242	228
119	104	139	130	96	74	71	184	71	287	181	136	118	74	125	72	274	190	162	157	82	104	217	237	346	216	160	102
110	261	246	189	143	71	177	168	67	112	281	126	111	127	95	117	125	256	308	68	68	249	282	296	334	73	102
264	175	133	212	69	74	135	201	204	286	207	171	186	107	255	174	89	118	177	184	168	96	115	235	168	213	106
73	163	106	115	67	87	243	295	235	117	201	216	219	200	125	128	99	281	185	114	86	106	116	148	254	124	76
278	106	164	196	68	148	167	301	131	75	74	237	83	170	77	242	262	60	217	218	238	61	121	141	67	250	159	64
229	341	306	124	92	72	111	99	195	194	170	71	175	260	291	181	217	73	307	200	180	310	157	88	72	176	279	235
68	136	130	82	64	199	144	136	113	141	259	85	247	110	148	245	87	76	245	67	67	67	178	76	88	306	110	260	209
129	82	92	102	72	319	305	224	93	133	262	131	95	276	81	152	283	332	278	73	259	72	188	200	327	199	80	60
194	124	193	234	155	64	81	178	210	67	179	185	340	236	158	223	101	226	169	190	63	85	129	187	199	327	332
120	161	249	63	114	100	96	287	131	164	68	134	82	209	263	141	192	82	124	103	165	74	66	104	205	130	264	208
304	234	279	83	61	255	319	78	259	193	128	214	163	202	69	104	275	115	167	190	309	261	99	118	276	74	219
162	85	155	222	215	133	176	107	135	68	85	202	258	82	71	228	287	127	276	139	149	157	261	282	142	238	204
245	223	168	183	81	170	218	266	71	87	341	237	71	223	351	99	176	125	108	79	191	211	130	99	72	146	67	83
123	175	274	63	202	168	91	79	133	280	257	70	345	120	102	89	129	213	209	109	74	304	101	146	174	260	196
117	216	257	190	271	273	104	168	70	131	207	229	253	123	113	205	90	223	113	151	71	148	104	101	159	226	219
79	88	204	63	205	221	60	86	170	159	210	110	91	118	181	65	160	60	96	238	62	166	250	167	106	255	252	72	298
192	194	126	181	150	252	116	92	259	203	246	202	104	137	105	121	225	176	73	65	79	125	259	232	270	171	99
109	117	85	193	150	105	148	193	168	168	94	100	184	156	174	180	150	196	61	201	196	123	222	75	208	254	138
245	318	111	62	184	117	142	330	100	255	118	121	66	229	282	320	176	159	239	146	163	103	104	86	133	81	182
74	210	173	232	309	152	189	162	202	66	262	113	194	85	189	82	93	442	225	149	121	111	65	214	66	84	74	157
258	78	92	165	127	240	187	66	219	108	158	352	217	62	66	85	94	216	127	183	156	67	112	152	87	241	102	270
152	70	354	185	144	319	282	265	214	80	274	199	140	98	110	158	271	278	320	177	111	137	62	66	173	102	211
261	100	88	109	116	63	197	182	117	195	269	133	77	250	168	283	248	63	154	75	118	73	74	110	247	239	206	266
195	179	82	87	67	171	139	266	97	225	194	236	102	297	227	246	118	246	91	241	223	286	288	126	65	223	267
87	153	332	310	281	122	205	195	187	67	224	175	93	223	97	258	84	94	219	183	175	281	248	170	132	81	60	165
65	269	282	263	69	223	146	144	160	263	295	292	269	220	168	64	261	181	113	121	174	136	159	60	252	134	149
71	247	137	108	190	89	81	69	191	92	98	206	61	201	72	92	117	153	91	167	211	133	161	77	107	194	67	320	301
297	82	224	79	105	133	327	110	74	113	175	175	73	173	188	109	247	76	155	113	94	101	174	67	249	162	178	66
213	135	81	267	172	81	78	156	269	306	138	73	128	60	64	63	92	153	186	118	278	76	145	254	211	202	150	67
98	193	97	295	182	126	105	188	69	125	172	87	68	186	211	284	248	64	245	163	160	119	185	233	94	112	307	307
196	102	249	86	75	152	64	179	142	80	175	66	230	131	69	73	107	82	95	79	182	145	66	211	152	111	284	76	90
235	276	95	275	181	122	108	79	324	210	99	200	215	320	303	205	63	240	84	180	108	160	299	84	201	142	71	107
107	263	171	174	74	77	71	253	190	127	103	112	115	93	159	90	177	70	187	72	300	148	213	288	104	235	70	165
164	76	149	103	227
