	849	852	816	829	769	795	836	816	818	832	812	800	837	843	832	805	822	849	801	783	842	843	830	799	862	836
821	811	816	856	835	806	786	811	833	806	815	841	814	773	795	803	833	828	821	807	793	797	821	858	827	796
833	797	849	834	830	876	819	804	806	837	797	829	812	789	799	792	831	819	815	848	849	832	810	799	805	832
797	803	783	862	817	815	830	823	829	818	794	797	844	825	829	759	793	812	794	821	865	813	812	830	829	825
785	820	797	835	761	840	816	806	792	830	783	847	805	800	799	822	787	796	840	782	632	833	828	834	809	758
833	812	790	850	782	1077	844	326	759	821	326	788	817	826	805	832	797	773	855	821	845	783	753	763	826	817
846	797	770	805	871	784	770	820	757	794	846	820	831	834	796	790	818	803	795	701	768	755	781	823	841	807
848	775	727	843	816	814	798	839	795	761	810	822	824	855	789	763	829	780	751	790	806	765	933	760	797	824
797	748	813	750	829	798	843	797	748	762	760	778	764	854	775	796	815	786	790	780	784	790	771	752	765	729
734	856	838	795	792	767	755	775	878	766	776	787	753	780	792	911	760	800	840	832	764	774	756	785	787	771
767	790	860	729	757	792	796	708	800	735	769	886	798	795	793	815	821	761	798	731	771	797	765	734	778	825
796	785	964	927	801	806	855	808	811	762	786	1031	815	765	814	853	796	832	826	887	784	812	847	747	791	830
770	769	812	726	817	771	812	854	818	773	769	748	791	834	810	753	780	727	861	819	828	793	809	810	790	962
776	865	849	991	839	838	802	834	836	772	833	797	835	821	816	890	861	830	830	827	806	863	812	838	841	785
812	848	842	803	852	842	838	818	777	829	822	810	843	810	860	831	857	845	833	838	824	833	823	845	855	183
823	837	828	859	827	856	818	814	772	815	855	846	838	833	817	813	840	786	826	828	803	845	850	815	825	830
831	809	835	824	851	828	814	825	855	812	502	821	840	784	826	825	871	855	772	835	841	763	814	853	794	808
838	824	799	854	816	855	837	807	821	835	845	849	830	823	832	807	771	852	863	854	771	832	831	808	823	844
850	841	837	835	833	823	824	688	825	799	830	856	843	805	858	819	830	778	799	842	793	879	827	827	807	845
810	844	916	807	817	818	822	863	812	715	801	791	873	831	797	868	803	793	848	800	837	878	855	788	822	878
837	831	902	866	929	837	843	921	914	837	847	899	819	835	822	836	851	859	903	848	891	831	818	833	849	846
860	854	816	827	798	962	983	833	836	819	868	834	877	804	818	825	859	835	855	861	962	941	845	841	827	868
850	816	851	837	898	859	838	884	851	889	790	772	850	835	813	862	883	805	813	836	957	853	952	836	835	794
855	934	973	839	824	824	859	820	857	843	837	795	932	834	897	806	841	853	813	811	841	809	954	896	824	962
906	859	791	899	846	819	840	787	897	970	878	802	817	838	837	889	880	814	848	834	810	799	940	852	841	828
780	861	824	888	833	826	813	848	812	795	940	857	875	820	894	834	847	807	839	894	853	814	823	989	938	870
892	789	822	825	891	966	777	909	846	792	840	977	795	817	805	865	822	1015	848	825	878	774	801	808	810	878
804	936	888	807	882	840	834	787	834	830	899	809	845	895	813	852	845	804	879	831	811	1038	917	826	841	898
827	623	820	993	778	906	837	837	821	806	901	809	919	833	890	875	829	835	839	817	912	895	795	818	831	817
907	825	793	806	914	861	906	830	806	794	908	794	886	805	889	815	901	834	794	940	865	822	805	828	814	807
895	876	824	821	861	839	864	792	881	814	896	845	810	828	848	787	899	848	834	840	884	826	839	861	878	815
840	842	849	890	946	811	801	852	823	819	890	900	875	853	882	775	994	821	803	1035	860	811	779	886	764	943
792	830	876	821	887	837	832	839	904	805	890	841	792	809	835	877	830	792	807	804	960	821	827	850	818	841
784	799	842	805	845	835	847	877	781	842	850	879	815	836	842	833	824	848	832	857	832	859	865	883	863	809
795	877	855	845	860	829	865	808	819	939	861	816	831	788	840	786	840	822	834	836	854	827	827	906	850	800
741	836	830	853	858	840	820	866	825	821	809	783	841	849	826	811	843	821	822	784	811	951	848	841	828	825
834	838	823	782	848	824	832	808	815	844	823	823	848	865	851	824	874	254	859	856	296	814	820	822	810	858
828	822	807	781	816	762	836	817	800	838	861	835	838	822	840	793	788	791	857	868	809	822	835	838	875	797
838	843	836	792	867	860	863	850	865	932	853	746	843	812	813	808	827	806	781	844	853	869	843	844	859	828
627	813	1013	842	828	821	887	805	869	850	794	818	817	930	773	852	813	848	847	817	911	779	812	847	844	848
886	817	815	829	851	852	778	859	834	849	859	817	873	877	880	791	886	881	852	807	843	828	785	844	749	825
861	865	845	808	779	844	830	772	855	820	831	734	831	888	884	897	814	915	818	780	771	803	863	810	838	823
799	765	828	777	839	810	821	855	887	779	861	765	859	841	878	745	851	874	813	846	784	883	818	838	862	809
879	788	822	784	853	890	753	856	818	857	839	843	765	816	887	767	847	846	840	806	894	852	884	828	848	825
835	866	824	919	878	810	862	833	822	807	849	870	875	794	845	885	801	760	848	814	808	865	848	838	819	938
848	797	810	820	803	800	798	824	531	820	818	853	784	764	867	803	833	802	786	855	826	831	909	920	818	962
799	868	797	876	832	955	822	872	808	826	904	916	883	801	859	832	808	777	808	825	850	794	790	831	842	788
819	875	829	845	784	812	882	789	898	900	824	801	804	908	827	738	889	776	875	885	910	787	783	793	831	858
819	948	928	834	795	862	840	792	872	873	843	815	873	797	892	778	846	820	904	908	806	815	814	812	893	808
877	881	825	900	930	816	838	866	811	671	906	809	826	824	873	877	747	808	774	806	822	862	845	859	853	791
819	830	848	884	834	858	834	902	783	863	833	878	881	866	810	905	796	898	789	922	832	881	823	827	823	874
896	829	836	806	879	803	822	855	946	825	871	851	869	822	826	922	859	794	838	758	798	758	827	791	816	804
807	822	800	784	828	810	925	800	754	789	785	811	823	839	804	833	804	814	762	812	936	805	817	748	786	776
820	831	821	834	756	769	793	831	839	1026	814	763	794	784	824	760	832	816	908	748	781	799	758	907	802	842
763	889	855	833	743	848	780	763	844	766	768	769	776	740	835	821	758	849	829	822	827	759	769	822	808	809
869	831	817	829	837	822	836	783	899	833	765	747	821	813	870	866	765	838	805	836	825	832	759	796	762	927
811	809	814	811	805	768	803	774	766	747	893	821	820	821	852	884	780	746	827	767	781	859	844	852	829	759
778	752	831	901	822	935	807	956	793	820	811	799	832	923	847	937	761	808	889	809	812	912	536	833	923	812
829	817	856	830	776	817	908	852	842	845	777	925	787	831	859	901	751	794	854	928	775	834	866	857	826	871
805	723	826	886	816	858	945	838	846	879	868	848	852	857	850	824	846	954	843	840	941	958	849	834	873	966
850	859	851	813	839	849	862	959	848	922	878	835	886	795	840	804	865	908	860	834	930	822	943	876	841	863
858	838	771	865	974	878	837	860	851	839	942	938	780	986	878	938	943	812	848	943	878	789	824	946	814	831
837	837	863	807	831	882	840	875	816	877	836	868	863	805	843	856	852	871	777	797	879	833	1037	834	797	829
843	974	850	933	602	951	935	913	1023	933	832	830	546	858	894	929	962	853	991	881	859	845	768	1053	913
836	867	841	976	881	986	1043	850	881	897	944	885	302	1000	900	958	841	1039	978	961	989	960	970	896	702
855	1008	405	957	743	940	861	1072	880	657	897	619	881	568	905	871	909	943	661	645	942	715	836	800	911
996	966	1052	225	958	953	922	968	985	712	957	936	937	909	937	961	1003	933	1011	611	972	1022	981	923	272
417	908	617	943	1057	952	1039	899	609	920	1049	975	1009	958	842	968	956	819	989	1007	1001	913	966	1002
604	960	288	1028	1029	999	1023	918	910	1323	1013	952	888	582	905	976	910	970	1005	859	514	973	1009	505
1003	607	565	942	1000	973	943	634	972	1023	813	1007	858	1033	996	1038	1037	1029	976	841	924	795	981	958
839	604	987	927	1044	1044	784	949	985	921	917	933	791	667	1038	1029	992	764	685	564	897	1024	990	208	925
980	597	621	821	993	786	987	778	616	799	937	667	971	769	298	780	875	243	968	781	600	989	780	475	785	590
345	506	870	633	671	456	304	631	768	774	914	953	592	784	881	564	929	950	948	614	765	1015	963	1020	761
948	233	993	1002	441	927	934	856	972	883	621	931	900	245	950	936	968	750	792	538	834	857	979	310	986	933
1095	909	914	637	337	573	465	913	918	990	994	551	933	898	329	957	744	823	1027	982	896	882	1011	885	994
1021	895	953	949	518	1045	998	588	962	982	505	1038	1022	450	214	899	191	1005	937	1016	1018	1017	1106	1135
397	994	275	546	795	320	936	933	998	289	461	528	1007	995	964	540	955	1013	733	446	995	536	953	1018	1054
980	964	1013	976	978	946	993	692	1019	888	972	992	989	495	1023	1028	557	272	1019	460	527	914	915	952	1044
365	1017	938	513	918	969	225	1002	715	924	936	338	973	525	859	637	221	475	998	349	930	942	861	292	320
968	766	1038	879	332	375	900	964	648	1040	926	889	1000	186	541	571	211	992	916	302	503	521	930	971	993
1006	969	457	1023	912	950	476	987	1006	1017	956	995	583	954	886	255	950	990	1010	984	842	947	922	1003
842	908	398	869	713	928	985	1012	685	1038	725	999	836	797	983	981	1000	938	936	953	1001	781	714	567	395
919	822	990	947	237	970	839	911	991	610	971	963	992	1039	628	940	996	934	1032	1030	1022	935	991	719	1023
628	727	613	812	719	958	968	1016	760	1042	1010	878	716	715	978	882	1009	771	940	1050	731	661	993	845	730
946	849	1000	979	1026	610	812	718	930	1028	935	1005	901	814	920	908	782	854	600	1005	940	669	735	709	997
988	520	728	929	878	992	939	990	789	1066	759	730	1052	693	1000	1015	741	1001	987	183	986	939	484	578	958
910	811	1037	956	1020	826	719	1062	883	1003	1018	797	822	1034	851	1023	976	975	963	446	883	238	948	963
907	1014	756	855	974	753	978	1199	1045	615	696	948	609	962	997	1000	609	876	604	352	953	908	988	949	898
720	972	353	230	933	981	760	982	651	1024	507	306	1005	966	556	896	896	1002	1033	1023	791	995	763	1011
815	1035	216	1009	790	298	1033	1024	1010	1012	834	1026	618	994	988	519	1005	636	1026	1006	991	731	1000
1017	987	687	1034	917	962	773	756	1017	692	978	967	1023	821	552	765	978	986	1009	905	830	978	252	614	727
754	705	1014	1062	1065	1078	708	1036	1031	773	1025	1051	826	1036	1066	1059	1051	1009	1004	733	347	875
1040	756	388	1069	1056	1053	782	712	776	773	949	1059	1055	766	1006	983	632	904	718	771	617	649	789	424
1067	1064	885	770	995	456	1070	686	996	961	369	1008	878	1051	412	999	1059	976	339	794	669	344	874	940
788	775	329	1052	616	1005	943	1074	980	958	933	851	692	770	952	1142	666	997	989	823	1002	566	614	830	866
820	1007	979	534	777	633	959	971	1008	819	1038	818	1005	949	990	867	1025	242	809	1047	996	975	845	1030
871	783	838	1015	1019	976	941	818	192	407	1024	841	1022	976	1035	964	928	991	945	633	969	623	871	590	844
626	630	866	854	570	622	643	823	851	497	854	1035	626	635	258	1038	839	315	842	325	442	855	1002	540	959
640	1026	855	835	847	471	595	642	842	774	853	633	642	662	849	763	1020	442	449	409	1010	490	543	440	497
453	459	358	621	534	662	839	874	829	1003	688	412	622	561	629	395	778	768	567	870	418	448	568	1010	846
1033	628	1026	852	435	538	362	609	583	725	687	624	642	600	445	981	548	988	892	806	550	586	1045	562	450
356	687	588	920	967	971	239	897	1046	594	831	594	553	931	565	580	590	615	675	364	909	992	502	566	660	411
961	534	990	291	977	921	968	911	686	578	983	906	960	263	934	1043	986	566	579	1001	908	1021	957	980	567
897	1031	944	575	883	1071	989	743	285	300	586	577	476	961	1031	1058	1005	257	240	699	982	574	974	1007
1024	300	611	589	533	739	702	282	1041	571	1044	987	1071	562	580	579	1085	1008	622	965	587	579	488	1019
984	541	581	468	518	421	619	1022	808	973	1012	746	987	569	462	599	577	1060	1054	994	1057	1017	1092	583
779	1070	564	993	1016	968	1016	997	575	601	538	1021	898	1068	1024	942	741	951	968	993	1060	931	737	755
689	845	1010	715	923	706	987	964	969	225	899	870	740	1022	845	1052	578	1000	924	960	991	984	962	999	845
1005	978	994	946	724	727	950	981	1002	993	914	988	943	974	932	940	958	1030	1014	766	976	728	740	997	568
806	925	257	951	521	970	1042	1017	986	1025	999	1002	533	973	729	972	787	685	996	1090	1019	1031	1015	1012
949	956	744	746	946	980	922	1053	1013	976	761	966	1020	1016	539	994	966	1003	932	1003	983	755	935	1009
1028	965	750	309	923	613	1035	983	1049	663	934	1019	958	1066	1003	1016	1026	449	1026	1015	1008	978	973
976	181	892	1011	904	934	1235	441	1020	1018	1025	971	974	970	1028	1037	1045	854	926	966	952	923	659	947
922	661	980	488	444	718	912	981	1007	995	947	1004	955	209	809	627	1074	853	1013	1003	1002	917	997	1022
977	741	618	963	825	1024	398	893	965	964	721	1026	938	864	908	989	962	1030	930	971	1064	1043	1006	1012
880	953	998	948	1015	953	833	948	1099	999	1032	995	979	947	949	957	981	936	932	771	988	992	645	1062	526
979	931	701	964	977	961	929	1030	1000	967	961	949	930	992	1045	972	948	1011	710	939	1026	1012	893	1024
921	972	964	1020	1023	940	960	977	977	1018	1010	1054	974	1009	964	959	632	966	945	1065	1001	1066	1100
1033	1045	971	942	999	945	981	961	1030	1031	1028	1000	663	981	1004	1004	262	1000	962	454	999	986	972	967
960	609	683	1025	1047	1041	984	1035	982	939	979	1008	982	1030	1029	998	954	1031	988	751	1011	919	987	971
476	930	956	999	1010	1032	824	1006	472	970	1029	1038	1011	981	1008	967	831	975	975	947	968	944	993	1029
1018	762	973	963	1038	852	1017	692	795	955	971	954	982	1065	1009	956	780	1035	630	963	949	996	1017	980
989	1015	985	964	717	1011	763	968	551	1013	1009	1006	873	644	947	940	923	479	965	991	1021	1050	956	1005
960	1019	959	712	708	723	937	733	955	960	851	722	980	944	963	963	716	723	929	930	948	1039	977	970	707
695	645	721	662	734	633	946	937	924	962	691	993	899	474	931	1046	1298	933	580	969	702	621	824	953	949
766	1032	630	728	719	706	974	960	991	721	449	715	965	999	1004	724	409	664	719	953	744	758	969	950	989
966	727	699	737	711	728	326	903	971	981	824	730	964	727	726	711	968	977	903	611	720	727	972	682	976	653
719	869	580	977	917	1021	626	651	724	981	946	364	965	709	346	973	948	626	718	981	182	726	669	734	639	764
225	984	962	879	723	974	963	676	721	953	977	774	970	1012	718	524	722	597	579	972	726	727	726	993	990	985
706	798	843	348	946	235	438	697	945	1003	933	716	973	710	960	962	723	961	371	1023	705	724	978	716	709
959	964	659	761	984	972	711	632	1058	709	974	939	974	963	712	606	513	800	901	968	702	646	932	973	1060
785	889	979	827	334	927	1016	996	951	919	949	1042	643	721	965	1042	803	641	678	1035	1005	996	1047	1011
1087	961	919	1037	809	1009	975	966	1006	1013	926	956	972	987	1006	1002	939	752	1002	957	1019	1001	1014
703	1036	982	970	550	1014	214	1012	964	911	973	1021	1020	960	987	959	971	983	956	888	436	923	995	1026
1044	716	1003	970	947	765	977	693	954	943	979	1012	971	985	964	1010	1028	1016	768	983	987	1052	1099	761
268	1032	1063	1061	979	1013	1005	1035	891	1034	981	719	1000	912	996	1035	714	952	995	981	463	665	1019
577	1025	1043	980	1041	976	612	968	973	967	997	990	607	968	967	959	970	1013	1023	975	771	582	1018	1025
1003	1034	973	1001	1005	942	977	958	677	1045	1032	967	1054	730	562	231	1045	964	1008	951	935	978	1001
996	956	1038	1002	1004	936	948	1003	986	962	625	789	981	974	1017	1022	970	1010	985	977	518	1036	827	927
1018	997	1006	1076	1062	966	243	1051	1002	691	807	227	988	267	546	981	1052	678	1009	1006	900	490	906	960
980	943	1007	432	837	922	971	1020	994	1033	241	1032	985	885	985	1027	1045	973	748	986	948	961	1252	881
246	1176	910	678	945	1008	1032	765	925	849	983	1025	973	897	422	1012	1066	666	866	1015	1001	779	666	730
1027	1055	1079	957	1022	1016	1051	999	1026	923	929	331	1051	549	784	491	1001	1021	751	857	1011	1039	1054
1070	995	834	810	1037	1096	1052	997	811	995	1033	718	956	996	1072	609	940	680	969	832	793	1054	756	1005
802	1019	472	1001	554	626	1039	1062	822	1040	446	908	591	1003	1236	994	638	675	1037	1050	1064	1105	1050
1058	1015	1014	1007	1073	1047	1046	1031	1002	1008	1005	1040	810	254	952	997	1055	1022	947	993	984	212
1041	1046	896	961	1019	779	996	760	998	792	1068	728	1042	497	457	749	808	988	936	713	844	997	1078	957
1047	1187	860	978	944	709	1020	851	221	937	885	239	997	1032	1022	897	1018	854	1006	991	961	1042	423	387
991	713	932	982	1020	1026	1050	1037	829	886	509	978	991	430	1009	991	1016	1035	803	1028	549	956	1022	994
821	741	568	1042	1036	1040	1048	989	996	1004	1036	642	737	792	252	693	1046	818	999	592	1007	879	873	1058
1029	1009	1000	1043	573	1013	723	1057	997	1021	1004	764	707	293	1070	889	807	842	933	1055	1003	927	993
934	965	452	876	1050	566	764	684	587	380	1048	789	1055	688	943	1017	1070	828	821	1027	816	1006	788	835
1058	843	800	942	785	1048	1078	726	1034	767	784	798	914	772	838	528	1055	1059	1028	1039	836	1024	1025
509	1001	983	1048	997	1031	190	780	1052	1000	847	1003	887	1046	930	517	834	1006	930	760	1061	1043	1023
1051	1042	1026	992	971	989	1034	934	1031	622	939	975	241	905	507	889	824	729	981	635	834	444	986	550	968
1028	1041	867	570	1033	1000	821	696	980	971	985	1005	956	1023	1038	1028	869	1004	1003	970	971	947	815
632	766	757	999	1034	1042	1029	525	1053	962	1014	1001	1044	891	452	775	794	1173	1005	1016	921	839	860
973	1081	915	1071	1069	1040	987	908	1023	738	1001	1004	751	1075	1045	1066	882	1071	1011	1014	995	1055
716	1026	992	1001	980	1052	999	826	1016	1023	1073	1091	1006	1043	1026	1055	1066	953	1019	951	986	1025
988	993	1063	1064	556	1058	707	1095	990	1010	851	1001	870	1023	644	1060	1046	1062	922	1079	631	1022	1012
1024	1038	1066	1065	1032	1035	1003	1060	1039	502	1027	1055	1080	1051	1009	1023	997	1000	1003	658	1054
995	827	1028	1026	977	1048	1023	1076	826	1026	802	794	958	688	550	742	800	979	1060	885	1036	938	904	1005
1024	1006	979	719	1044	777	833	990	950	751	1039	855	967	732	978	996	976	772	976	952	399	673	707	526	647
951	1041	1043	1108	988	969	979	1008	996	1012	902	1010	1028	1065	1034	1062	950	947	981	985	1005	1000	790
1048	1036	1080	1031	1069	1002	994	999	1014	1017	1040	576	896	987	676	1030	1059	967	1070	1042	462	1015
1002	843	915	1065	838	966	1073	586	974	1021	993	1046	742	970	739	1030	960	948	480	1017	1000	991	618	1059
1063	835	1075	1124	1018	1075	997	998	1006	1018	194	777	1079	1084	988	995	1019	1085	782	902	1019	666	1064
1074	1002	1019	982	985	1042	1023	978	1003	1013	1033	1040	1108	1055	623	1066	1113	988	1054	1091	889	996
1010	1053	1038	1052	1089	1047	1060	1012	1013	499	1038	998	1026	1089	1048	1052	1014	1031	1012	1052	1019
856	1036	794	830	1018	1018	978	1015	967	1000	799	923	955	943	966	537	1035	1039	706	972	1007	965	1095	984
653	1025	666	940	994	1080	1047	972	1012	895	989	997	1010	1040	1026	740	998	991	308	654	1160	796	991	1046
1041	1008	616	1014	509	1010	969	993	1049	1007	1014	1053	970	767	1063	1017	1050	962	964	963	957	977	556
998	1017	1000	1029	1026	1046	1037	951	960	1022	870	986	911	1020	1037	1022	1035	1024	1117	1022	986	803
983	965	1028	1009	1026	483	968	980	996	978	1027	1017	735	735	1032	1046	1059	1004	687	1013	1036	1043	1041
998	997	746	988	1039	985	1048	1064	1024	1046	1057	1010	1045	992	1012	993	1012	999	1015	731	762	1061	579
1028	934	948	1003	971	986	1059	1054	1026	1003	936	976	1048	1068	918	721	991	1004	1053	1047	985	1009	1028
995	1069	820	1079	774	1012	984	1014	1016	996	1126	998	1051	1066	1053	1047	1069	995	1003	985	1003	1007
997	988	1064	1030	1054	1023	1057	1015	1077	984	972	1212	1028	838	972	976	664	999	1035	933	997	1025	979
602	817	996	1013	995	590	738	971	1020	768	1010	723	405	997	624	953	969	1032	1020	689	1112	696	698	728
964	1014	777	949	774	1062	1038	778	480	993	502	1020	619	750	1042	1037	904	768	998	212	1036	886	639	968
778	1005	1035	1038	673	1061	984	1005	1004	1039	918	951	966	978	974	1003	989	992	1002	948	1036	1017	1030
905	964	979	984	983	999	884	1020	1025	1039	923	1045	810	1063	974	983	986	728	1023	916	835	756	596	997
1015	1039	871	1018	1001	708	1058	1058	547	1027	1006	857	991	963	998	792	997	1008	982	1018	728	1055	1052
1054	1035	1051	1019	989	771	1010	1010	783	1012	1043	734	739	1083	1018	1064	974	882	971	1066	1039	976	758
992	987	1034	1052	1027	1026	968	599	1082	994	1041	1021	1030	1008	1047	1069	1000	1025	1015	982	1014	979
723	996	1053	1066	1034	964	891	982	983	1017	1000	1005	864	983	1034	1052	1016	1068	981	860	703	983	963
1037	1033	1042	972	976	1016	1014	1038	1027	860	920	997	1071	1031	622	1032	1022	1006	996	982	957	972	1032
1049	995	992	1021	1008	725	1004	961	745	973	817	1014	862	999	1008	935	984	989	1012	877	1040	912	893	1007
278	1154	963	626	856	971	886	1051	988	1025	1014	378	812	1032	693	1022	988	646	978	779	1024	1009	992	946
1053	825	901	644	876	998	995	990	981	1040	515	1038	1045	1017	805	845	995	1004	995	975	991	1033	1040	865
1052	1031	1016	866	982	984	992	1046	1021	522	992	989	836	1029	1034	1026	784	979	773	985	1057	1013	1019
1026	1072	947	1037	1001	1008	1014	1002	991	991	1054	1066	904	1028	1040	1015	1070	1004	1000	1011	981	1013
675	1012	1063	1044	1043	1054	1019	1055	892	1031	1016	1035	1043	1058	999	996	1013	1032	1036	1027	1045	986
1030	710	1046	977	1004	992	1031	1052	1058	995	759	889	1040	990	964	911	1103	997	1017	1052	1023	756	1047
821	988	1018	693	982	1042	1024	1064	1050	1031	841	1000	1034	689	1007	1014	923	1040	231	981	978	1004	1058
1010	974	879	880	520	1051	953	740	990	1012	947	935	979	1019	1014	1026	873	961	951	962	966	1010	327	839
812	954	1054	1048	823	800	957	950	959	983	956	722	951	1044	1016	1066	672	990	990	990	614	1067	962	977
985	914	1007	1010	870	710	889	970	1041	1043	1037	1005	984	587	807	1052	924	688	998	919	722	989	883	1059
951	1033	1012	1024	1038	1022	1005	989	1052	729	1021	663	1057	946	1060	795	1063	1015	1013	977	1167	1037
1017	1075	1042	921	1008	971	1053	1038	1024	892	987	1038	1175	1004	993	1193	1051	1019	1013	892	1011	988
945	987	1011	1020	1034	1066	1104	1046	1053	671	971	993	1013	1177	1027	1007	775	1029	714	1029	1050	1094
1082	854	990	1049	572	1031	1148	941	1017	1006	1042	695	1065	724	976	992	1053	1045	954	1025	959	904	982
642	768	851	1019	927	1016	581	1048	1021	1006	993	851	991	287	1004	1078	1005	1012	1023	1045	1006	1010	994
1027	1031	1023	962	1063	1040	775	1000	749	798	1038	867	1040	1006	966	1004	871	1002	1022	1112	811	839	1297
807	605	1016	1059	1069	995	977	1004	884	622	998	672	784	844	1042	1057	491	564	947	1018	999	1004	1038	1008
1043	1006	1063	1065	505	989	1011	1021	1006	1036	690	1030	616	1001	678	1002	992	1047	1083	1052	811	1057
1011	1037	1057	563	1084	810	947	1038	1049	1078	1058	1057	1060	828	1001	1073	1016	1024	1028	1013	1060	1073
1048	1062	738	1066	1047	858	1007	1046	1017	1030	1077	1003	556	1056	774	988	1036	929	1076	1033	1080	1023
998	900	1085	1065	1052	1050	1031	1021	851	814	944	1069	1026	1020	1084	1076	1077	1075	989	1068	1041	954
1028	1026	1019	1018	939	428	1081	1040	1107	648	1099	1024	1035	1009	1048	997	1036	945	924	1054	1029	1021
790	1037	871	1086	671	1030	1035	695	1077	1294	623	1021	1012	1016	962	987	962	1007	986	681	1037	1035	1078
1015	1063	788	843	990	1021	760	431	708	1061	980	778	353	958	986	790	803	955	829	992	1029	1000	1028	965
978	996	715	1016	1059	529	723	1009	536	903	986	993	953	696	683	1077	903	571	1023	1014	754	1073	1068	1071
1037	1017	1015	1034	1023	1025	1043	878	1077	1316	565	1049	723	1001	797	1119	790	777	1038	1042	986	1050
630	335	1003	1012	1014	1018	504	1036	868	855	974	1044	1078	1065	1035	1031	971	1029	1058	1079	1066	1013
1008	1050	1051	1079	1114	1030	1016	1058	1080	1049	1018	1068	1435	1041	1053	1063	1070	689	1140	755	859
943	1039	1066	1050	1078	1071	1087	1109	1095	719	1028	1719	1071	1062	1057	903	1017	950	1067	1087	1090	899
808	1075	1074	1067	810	1042	698	836	1016	1079	1026	1039	604	861	1016	827	1053	914	1078	1139	1064	1018
1006	1016	1042	1030	1106	1015	1226	1051	266	1043	909	322	1071	1000	1028	1016	750	1035	1075	1064	486	1065
1030	1510	1082	966	478	1588	1021	1040	1048	970	978	1006	997	528	1088	966	600	621	1028	601	1008	989	589
1000	1033	1049	995	642	1000	820	997	941	1011	633	738	1048	1020	805	966	964	985	998	970	992	423	1009	1071
984	976	1019	1005	917	523	985	1015	761	887	1092	1023	692	1027	1062	1053	1086	909	924	1032	1065	945	1034
1065	1076	1202	1025	964	523	870	1028	1081	1081	1054	1058	1045	1052	1078	1040	1026	1029	1000	1080	1049
1084	1051	1026	1049	1031	1043	1038	1037	1047	1074	711	987	997	987	961	1086	1077	1014	1030	1162	1065	1042
1065	1015	998	1039	1054	1077	1080	1100	1085	1043	1007	1015	1036	545	1066	1020	1078	1078	660	1059	813	1046
1026	1054	1052	1033	928	1068	599	1099	1074	1092	1053	985	1037	1068	1075	1083	1017	1043	1025	1099	652	1028
1040	1070	906	1099	1039	1016	1042	797	948	1099	1036	1029	1008	1028	664	1055	984	1082	1062	1053	1091	829
1086	767	1040	1029	600	1018	1030	1026	680	1086	705	1051	700	1005	1007	558	1085	1079	1039	996	1043	701
1047	1021	1007	823	959	1017	922	1024	1044	1018	1053	1053	1069	1015	1072	835	1074	1048	990	1007	1043	1033
1063	991	1150	987	902	1014	990	1044	997	1033	998	937	664	985	1007	999	539	1050	978	1042	1022	1050	934
988	974	1176	1049	997	933	1014	1006	1002	1043	740	1057	1066	987	1010	671	1012	1017	968	1077	1058	644	829
1039	773	1044	1090	1070	720	513	1066	1011	1031	1019	1004	1026	1076	1098	951	1069	1074	1049	1002	896	1043
831	1066	1076	1056	569	1053	902	1037	741	1067	658	1006	753	1038	1007	1043	1070	1067	1062	1008	1032	1040
1042	1081	1057	993	976	1044	1015	1090	1068	1068	923	1068	1032	892	1026	1006	1028	1024	1066	1078	622	1097
1107	1066	1042	543	1069	540	1056	485	1034	990	962	954	859	1118	1083	1042	1053	1055	994	1059	986	1020	967
1007	579	1018	1016	984	998	999	1041	1103	661	932	915	993	1004	993	840	1102	1087	1059	722	930	1044	974
1032	1035	1015	1015	918	1001	992	577	1012	1097	993	1030	1011	1043	1077	876	1043	1017	1185	445	1063	1057
976	779	855	1024	911	851	977	1010	935	934	814	1010	1006	1009	237	1024	1010	1043	997	961	994	1003	883	998
977	931	979	1031	1120	769	935	975	653	979	951	941	965	881	1013	928	976	812	923	1011	956	1038	861	1001
1007	1043	1018	970	1045	1006	1013	1016	1047	788	1037	1005	1014	744	979	1035	1042	998	1028	1014	824	838
931	956	1039	959	937	705	1058	999	1014	1003	1016	1007	1019	899	1097	716	779	948	548	1152	1036	1047	1044
1024	699	1006	1010	1068	1038	1044	820	1010	1017	1011	907	848	998	839	980	1017	790	1003	900	931	746	1000
1007	890	877	1004	936	937	751	217	983	990	824	818	782	1055	943	1061	914	992	997	952	946	987	950	973	1066
985	507	1007	1061	975	1075	731	1009	1007	987	976	1012	1040	1008	952	1041	982	923	999	895	915	899	977	837
1038	995	1035	903	854	959	1008	913	741	964	940	857	982	754	992	1030	1004	762	980	285	946	696	978	923	975
955	959	1032	923	974	944	984	937	759	1017	1037	1064	981	992	623	872	1041	1059	814	822	1008	1055	1033	1046
1055	1000	986	998	789	1008	999	999	969	1017	993	1028	994	1037	919	991	770	905	454	602	1054	957	748	1026
1013	447	954	699	735	1008	755	591	1017	1021	976	1033	1035	758	826	1013	1013	766	1046	752	1062	472	1000
595	998	774	778	1022	597	674	1001	610	454	591	893	1045	972	1058	732	1003	904	609	997	608	580	615	809	608
763	600	604	619	814	481	969	990	507	616	659	903	978	1060	385	563	911	996	724	624	1061	612	423	931	821
1048	941	400	397	911	976	976	731	300	913	743	978	985	669	997	885	589	1018	511	576	913	974	939	1012	493
1022	1021	964	768	986	991	978	1033	1014	954	983	835	847	1007	998	792	1067	958	985	962	869	1036	1018	1000
982	979	990	561	1052	1014	1040	1031	879	947	1003	972	982	971	995	1017	971	1011	946	1019	932	886	1053	602
834	992	971	1077	1045	977	984	982	998	1017	1026	760	960	764	998	1008	990	704	593	1043	947	1001	1049	1053
1044	1003	440	1001	1071	1018	1058	1045	700	881	939	1015	1008	989	1032	1023	994	609	995	1038	1017	782	818
560	1030	1004	485	1017	1055	860	1001	1002	998	973	1056	1031	1021	861	1003	1034	1005	997	1034	562	838	997
1049	690	987	872	1062	958	1001	998	742	1011	1077	970	763	677	1031	771	1064	1044	1017	1023	1009	1014	1031
967	994	1054	942	1068	1000	996	1027	1023	880	1065	892	1018	1005	1028	1042	956	853	957	1046	962	1007	892
969	852	997	1026	992	884	993	960	980	1008	1058	973	712	1016	1039	1055	751	1040	1054	1045	931	1050	906
1002	1005	902	564	1017	982	1069	856	1072	942	1002	1058	1009	1016	1021	994	1063	999	1065	1004	1060	1011
669	725	1010	1015	1049	951	988	798	910	1047	1061	825	988	1042	829	1036	942	1040	1006	1028	1129	842	831
978	988	933	972	1288	986	906	954	995	1035	1006	999	659	981	939	995	724	1017	1007	1046	975	972	1004	1024
967	1017	772	985	989	1042	998	921	997	1039	943	871	958	907	996	993	882	975	982	696	1055	1050	827	953	841
1003	981	1011	775	746	991	972	806	962	978	906	867	955	1173	762	1009	634	753	1049	972	817	829	983	1001
1065	944	913	1005	1013	762	769	1067	976	995	1049	1049	1002	872	1036	1004	971	1042	909	1011	740	1058	453
1053	867	1031	886	786	1059	242	756	947	935	978	1007	905	356	983	1126	992	1070	1017	1060	972	918	980	911
319	950	924	1000	986	1016	963	1180	938	1057	1061	1025	904	1007	991	984	517	871	925	1012	1007	626	1030
916	957	973	744	1067	974	881	984	1004	914	687	844	1010	1059	1028	1033	984	1027	974	1005	967	918	930	961
967	955	694	977	972	913	368	562	719	833	959	944	986	966	1004	937	1018	958	869	943	738	550	739	968	942
788	872	960	1016	447	694	924	964	872	970	957	962	942	967	854	754	1035	1011	713	957	425	940	972	974	927
723	1012	718	870	960	937	1025	733	994	954	954	731	795	910	977	711	1013	932	736	948	965	966	985	578	738
1019	1038	818	896	1004	915	860	1000	1041	1020	801	760	819	968	1025	954	979	862	959	342	975	1071	739	1044
1018	869	982	958	984	1050	991	982	382	607	997	1056	947	802	1006	1019	978	956	964	791	620	1019	969	943
975	971	1007	810	785	997	1021	823	964	975	971	953	928	761	1044	791	867	807	1025	962	880	896	977	959	969
919	830	838	898	996	977	1013	812	904	1026	994	772	645	949	941	844	984	989	964	923	787	988	963	715	837
976	890	751	944	959	566	943	1001	940	984	930	915	617	950	748	916	949	1006	227	982	769	983	1012	875	600
825	967	969	336	1000	977	933	761	1032	536	988	933	980	952	1021	623	758	770	835	892	1003	1022	723	940	853
582	994	558	963	1010	745	1003	1023	1029	732	1027	954	951	904	972	898	940	975	387	819	835	1019	750	1021
787	982	973	1003	750	1013	958	956	923	955	611	1017	957	1052	1019	1013	1017	957	974	970	1046	750	976	1010
932	1002	883	981	1017	993	1026	949	1032	976	977	989	964	927	994	705	1021	1022	864	1026	746	1014	775	972
829	987	992	842	815	1012	987	976	956	1007	1013	875	540	698	1034	968	1002	728	966	955	982	1031	1035	876
1026	996	996	977	1016	798	792	1027	512	1003	964	719	1026	969	743	883	1021	927	962	995	1000	920	934	948
1022	967	952	936	1020	944	980	979	841	668	1020	956	987	706	494	908	870	978	992	975	888	851	709	978	910
964	947	932	931	970	968	974	977	764	1033	810	952	937	603	961	946	1043	983	969	1011	1026	1000	972	737	920
915	951	992	1050	1000	1003	1013	908	958	713	972	994	1009	923	944	966	947	770	750	1013	678	1039	853	453
993	1025	890	911	963	971	970	922	614	971	936	853	1021	799	1041	1027	964	953	581	787	994	371	815	603	1002
1072	1044	955	1047	1014	955	694	612	995	1052	766	975	608	980	999	1020	1017	1076	1020	982	955	971	1015
1014	1040	368	498	668	1040	606	951	974	939	722	992	967	847	952	975	989	985	1026	1027	1021	983	1013	982
975	755	675	865	962	968	930	602	1058	1023	860	846	937	244	936	1026	755	961	985	999	938	800	938	1021	598
1290	969	1041	769	997	991	924	1022	734	966	953	724	540	883	1009	1002	1025	709	538	807	962	773	836	822
725	980	1044	986	885	969	907	991	966	1024	981	830	985	978	1006	840	929	915	933	836	909	835	953	972	1005
771	934	751	956	987	993	927	931	940	947	948	792	881	851	996	992	1008	1018	1040	713	951	934	969	968	970
1016	988	978	893	1014	1017	1028	940	789	608	961	955	1035	1018	778	936	962	994	995	1015	793	967	980	1014
1012	1019	966	791	961	629	342	1002	995	973	967	998	980	987	1001	1012	906	1030	785	988	1032	979	687	480
957	1004	744	1020	1032	1039	1017	1036	1021	1051	1020	978	1022	938	1000	1037	992	720	939	995	1034	1033
985	982	815	1008	1042	945	983	958	974	1038	1030	664	1020	948	984	973	831	774	787	960	953	1025	1033	1021
1042	1023	493	915	982	976	979	982	1045	1025	1027	1028	1015	1024	975	791	467	989	540	1042	984	973	987	1061
1036	959	851	936	620	987	987	924	890	945	932	767	499	999	562	620	930	950	931	798	562	862	1022	1008	988
507	923	814	889	965	944	565	820	925	993	1043	981	1030	971	601	950	786	596	1019	1026	980	826	987	554	760
932	707	935	660	933	679	932	557	523	963	996	1027	921	856	510	853	586	852	1030	965	886	956	1040	953	971
958	467	949	376	830	1010	927	431	878	765	571	835	918	930	891	1056	577	1035	995	717	876	950	991	988	992
936	912	713	960	1020	982	563	939	305	889	349	535	937	1019	595	784	965	906	597	959	432	1002	794	790	301
938	862	925	945	959	920	592	1020	664	1009	961	573	807	960	275	826	865	655	941	952	1004	882	569	751	1004
811	924	953	859	587	972	929	952	861	295	304	605	1013	593	1026	561	837	572	470	788	283	556	561	239	420
1033	1014	995	738	772	573	976	245	936	596	626	579	938	515	932	598	858	882	919	543	1002	959	975	957	900
903	623	1001	1001	931	585	948	981	523	1008	989	1001	933	536	721	934	916	795	284	982	920	1001	895	870	315
562	380	928	931	918	1006	885	495	553	605	503	558	231	777	1034	450	965	918	954	741	917	949	936	970	719
965	965	620	608	934	926	590	942	862	701	977	999	820	1008	844	1016	951	954	949	1049	953	736	813	1026	920
1002	861	957	886	979	1026	1008	1033	851	940	694	791	762	964	959	784	938	809	591	945	501	198	956	354	599
963	888	903	955	915	973	507	1022	922	1023	906	919	963	961	586	846	751	973	927	1002	968	952	851	887	937
758	818	589	188	893	1010	1010	941	770	872	847	950	1025	942	1038	575	974	1005	907	880	776	532	473	640	858
633	964	344	452	410	963	957	593	910	630	801	935	587	901	549	565	1011	909	843	581	960	891	942	814	565	569
828	929	756	893	1026	1015	527	804	958	989	1028	1020	856	825	557	864	983	603	1023	923	502	649	697	412	1010
977	968	956	869	404	1080	835	986	989	1027	1014	577	951	917	937	957	950	445	998	981	1004	1023	1017	967
961	958	992	869	494	952	654	950	502	583	900	954	500	956	1017	924	590	674	786	1002	861	1161	944	942	931
912	943	948	1008	1015	1023	760	964	953	821	358	941	1005	1016	1021	487	958	1025	936	636	684	922	540	961
566	907	939	586	427	1329	950	598	902	465	676	677	930	581	879	250	965	626	932	952	864	596	958	893	194	945
1013	942	290	923	950	594	959	965	284	418	972	636	575	874	588	697	363	620	600	502	940	919	895	623	941	572
953	1026	246	969	976	634	953	951	870	598	944	923	743	940	938	827	877	982	1018	924	925	872	314	1015	1005
831	595	569	881	619	921	949	704	902	801	784	1039	672	862	655	353	509	585	943	579	973	1051	686	907	272
881	382	913	855	923	594	938	1011	706	351	229	707	1098	710	785	1195	705	701	1018	981	931	794	962	858	1038
924	1018	1004	988	568	960	955	947	451	807	1005	1021	1012	503	1006	963	953	976	376	949	990	1024	1028	773
965	986	844	1010	982	1009	948	979	746	976	960	1005	1020	1051	964	950	927	1018	802	954	948	969	813	902
1017	933	1024	1037	933	753	796	974	755	967	961	574	576	802	714	619	890	827	954	186	884	965	1020	222	627
556	573	582	956	525	960	941	714	289	912	965	959	963	1017	1053	1073	1002	829	986	929	597	1023	418	941	666
969	563	949	1002	616	424	944	970	975	939	966	264	292	966	953	980	915	561	948	870	832	352	454	232	970	938
528	546	984	553	932	847	829	994	981	907	754	1155	993	1008	1014	1041	557	834	784	970	992	984	990	1021	1004
1022	1050	443	796	982	833	473	977	1036	933	802	993	885	1016	989	1014	956	985	992	1006	541	839	968	1220
845	1016	1023	913	985	1019	1024	834	645	789	921	986	1162	995	817	1061	1053	1006	980	819	970	843	517	848
1027	839	1032	1007	743	618	976	995	999	613	510	403	907	828	322	837	1067	999	539	993	370	827	1023	995	794
844	424	850	1028	997	1008	1004	932	751	823	797	986	988	981	836	848	752	1096	979	1040	808	1203	994	853
1044	837	721	851	840	1028	1005	1004	763	1034	1005	828	843	838	845	844	830	778	998	631	821	831	856	999
775	1024	841	816	821	816	842	948	962	995	1025	812	947	545	963	804	1001	447	834	985	955	770	958	816	990
772	815	675	540	507	950	678	1020	975	232	324	971	1163	996	1033	722	593	998	828	803	829	997	193	983	409
478	834	625	813	993	857	730	1004	1039	1044	608	988	1004	540	1017	1032	1024	952	787	975	867	988	983	977
767	1028	1020	1031	924	1050	780	841	987	816	927	1000	993	1023	986	750	1023	1075	515	475	956	961	831	1043
969	975	999	999	1030	1026	1017	920	988	1024	979	847	918	1001	1054	845	1041	919	1028	1001	1043	1031	998
1003	1007	1030	1001	990	1059	1055	1058	987	417	1010	1007	708	1020	1039	1021	992	618	1043	1065	516	1024
760	1023	889	1047	1034	971	769	735	978	1002	1016	1050	324	884	1003	1074	1028	1049	763	1041	995	1005	1272
323	998	934	1070	993	369	952	1029	1058	1029	1046	939	777	999	939	1049	797	911	961	1021	1020	992	229	1031
355	1039	972	923	998	998	1007	1024	384	1053	974	961	1036	824	741	991	1403	913	972	1031	1059	1016	248	537
768	1029	909	1012	977	999	481	949	627	945	1016	1011	1018	990	721	829	980	785	926	483	968	734	547	819	1012
1058	1023	914	539	968	959	978	1017	1034	757	955	981	409	1019	1017	1056	934	526	547	546	606	630	1033	1027
546	968	1011	839	797	1034	1034	817	1083	1027	1049	1037	904	995	302	982	643	865	1034	979	962	1018	557	1059
626	756	927	987	635	1008	520	1045	530	648	1004	464	1051	1025	561	991	634	646	1040	1041	636	634	641	1050
855	551	555	633	1056	631	1018	777	559	1063	558	817	547	1068	641	376	994	1033	635	636	549	917	1063	518
561	1048	1002	989	876	556	1042	448	1047	1006	1073	1021	223	486	1072	1055	532	1008	645	570	1070	1038	839
782	831	1030	1032	765	521	603	825	1038	239	1047	1025	1056	826	820	1010	847	816	807	1019	1059	809	560	991
944	805	293	916	844	996	835	1003	840	799	1033	550	556	1021	568	986	618	1048	419	780	835	445	980	936	992
857	540	853	988	975	1003	1051	1003	1010	403	942	738	979	874	1005	923	1026	1022	1019	982	1026	972	630	1007
779	978	978	978	1026	1029	1023	785	759	1030	673	959	988	943	920	1041	1283	1009	991	1023	794	1021	987	1049
991	947	1004	1010	810	1043	1051	1055	1001	937	1003	1068	1004	1041	1069	688	454	756	999	923	1020	886	1032
1089	1013	548	1037	1026	997	1070	1003	957	985	1059	1074	1407	993	1012	1160	1044	1006	1087	917	945	872
489	1027	1017	1007	1007	840	1034	1064	1005	1013	1047	1035	764	778	1034	1008	908	1023	689	473	964	1051
586	676	543	972	1029	989	708	744	1026	963	1007	1061	1061	1056	964	1048	1045	979	1008	867	781	1480	1011
1050	962	720	1034	1000	781	690	852	980	546	962	1048	1028	986	1011	950	1061	992	998	988	1048	1039	958	1047
934	326	672	991	956	988	978	1026	845	1033	982	1050	576	991	979	970	963	1021	1002	671	1047	911	995	925
980	723	963	1019	900	998	978	550	964	968	570	968	939	984	876	871	794	1008	891	914	826	840	584	998	997
889	803	1033	998	972	791	915	988	590	824	1023	1010	1033	694	762	814	942	935	903	1017	765	1025	925	939
972	428	1006	1026	747	971	994	969	1003	968	868	965	803	744	759	943	938	199	936	918	802	810	938	896	926
926	877	847	891	752	700	483	1024	942	986	946	225	976	838	520	860	866	288	986	864	893	893	863	981	987	862
854	779	886	895	726	917	891	751	844	847	793	923	954	950	992	794	384	808	906	970	566	920	914	980	956	882
820	841	828	878	991	976	958	925	976	526	843	285	623	989	734	794	774	971	607	938	840	830	782	977	818	718
771	961	968	907	920	570	760	815	858	930	369	1052	669	835	967	990	920	892	697	1001	744	461	703	708	934
872	825	939	922	927	553	981	709	674	938	968	835	902	807	455	512	976	582	987	764	800	945	1011	957	1000
960	1067	1038	1022	1007	997	808	1027	1063	940	984	1011	887	902	932	1012	1010	967	1013	1001	988	964	942
565	750	973	999	1086	970	945	995	960	896	623	1025	483	1030	941	979	974	1028	886	1088	969	592	983	969	1004
995	943	921	893	546	1068	901	952	1008	612	987	399	608	970	927	932	706	1018	1009	1029	1060	826	1018	966
998	954	1048	1032	1077	968	817	990	934	994	969	980	1056	600	918	982
