	137	63	192	141	141	259	146	208	290	112	162	189	99	241	254	197	105	213	63	170	240	233	240	70	220	170	143
215	84	92	83	66	73	214	301	177	61	280	116	114	223	289	198	184	271	64	161	173	90	107	111	241	253	75	89
104	67	154	66	65	86	98	178	103	288	88	120	262	61	132	69	152	145	125	249	290	261	131	272	86	199	241	212
205	85	65	158	183	175	74	267	160	138	252	136	269	293	210	69	109	136	103	281	240	91	132	282	74	289	170
170	85	158	227	92	149	84	79	178	78	85	285	305	273	267	271	160	69	322	217	281	326	219	73	102	168	207	153
251	187	72	161	111	83	159	116	132	214	223	95	105	163	218	291	268	220	188	84	217	301	235	286	163	119	166
92	131	63	64	77	241	188	107	326	173	203	85	62	70	194	142	96	196	165	194	182	76	206	102	125	99	120	165
93	284	224	198	87	60	197	76	227	178	224	204	207	200	188	260	75	165	270	132	154	218	263	67	82	120	106	164
142	115	110	225	210	274	262	115	227	193	127	180	197	247	199	87	279	172	252	155	149	73	208	278	92	80	79
229	294	234	241	157	282	235	218	310	164	218	163	117	262	77	112	260	228	216	158	79	257	111	93	212	281	288
82	198	287	86	186	192	309	116	140	209	87	298	172	294	80	285	134	60	105	301	109	118	72	66	234	195	269	151
296	186	252	305	247	225	99	150	171	231	193	295	92	198	121	150	61	115	117	87	141	68	155	89	221	250	88	61
140	129	69	303	252	76	149	124	268	218	260	283	95	178	306	278	156	70	126	293	129	90	255	62	90	128	78	74
69	157	213	180	86	124	297	67	71	222	192	216	279	236	88	254	61	189	184	148	130	182	295	212	193	68	102	111
299	235	157	122	60	347	82	233	233	193	89	73	80	233	80	173	96	168	69	77	182	106	339	82	193	106	69	170	105
125	184	85	116	131	261	161	76	276	63	68	118	98	100	108	142	75	99	345	118	187	88	247	93	66	134	71	70	296
169	102	69	223	259	123	92	148	248	149	115	135	103	68	68	119	122	191	293	119	140	60	274	209	78	119	111
72	302	175	202	247	224	197	112	145	64	100	214	302	196	72	196	208	86	178	145	153	204	61	144	285	100	281
196	159	118	290	66	186	90	158	72	146	126	289	187	292	127	92	180	241	90	144	243	271	72	283	176	93	196	185
65	141	114	206	230	269	220	64	197	100	178	255	220	61	287	111	142	229	74	131	67	138	65	162	72	66	139	73
145	135	216	113	180	66	280	250	172	172	71	192	166	73	82	292	292	164	93	219	221	277	115	101	141	300	188
101	190	224	300	62	160	235	308	91	213	73	295	280	307	175	126	307	317	119	205	136	105	97	207	89	252	152
274	92	139	67	152	128	131	143	235	115	221	98	262	261	229	200	62	124	252	232	303	305	84	104	122	264	81
95	219	64	141	224	270	247	161	193	62	141	96	60	118	122	184	115	83	80	310	162	137	212	245	64	226	223	213
154	200	75	87	109	266	200	85	207	64	178	239	68	133	86	220	188	154	193	157	78	148	128	177	103	106	60	137
106	118	257	243	203	278	159	101	145	71	72	92	126	98	219	266	128	152	75	148	182	256	227	165	147	97	128
215	199	241	60	306	110	122	278	219	295	88	140	60	161	76	172	172	79	80	111	103	213	291	140	214	247	259
144	132	299	242	277	172	220	90	164	236	143	64	156	157	98	198	273	190	187	207	272	177	258	255	81	73	63
244	136	80	115	73	238	280	201	104	146	79	167	83	225	215	132	65	193	77	199	71	135	84	109	218	173	170	98
140	78	134	118	126	194	179	140	200	162	62	261	206	146	149	80	99	106	271	300	156	106	259	224	135	79	112
119	68	295	126	322	337	142	73	176	100	291	102	68	260	174	93	143	272	86	76	231	153	226	92	61	85	138	61
159	60	169	229	71	154	311	270	248	105	133	103	158	92	227	288	304	200	130	139	281	61	276	200	84	76	87	156
292	178	193	115	307	266	179	79	181	120	133	80	174	180	148	84	241	262	311	92	183	111	247	274	174	200	106
115	244	105	60	204	203	74	97	223	257	98	140	135	71	74	240	74	186	216	130	92	187	152	84	164	284	312	300
262	257	277	137	137	219	73	120	66	67	144	121	133	78	90	206	298	313	86	273	252	220	186	119	127	249	225
86	170	189	63	93	111	128	81	71	167	267	118	150	61	72	184	208	223	273	286	215	132	95	157	69	171	73	131
90	117	62	96	218	296	320	268	221	230	237	233	135	77	96	233	246	62	81	176	273	261	196	80	293	209	72	79
64	74	136	140	245	96	183	158	280	74	116	81	68	163	134	328	264	155	68	113	278	125	136	212	88	64	154	173
116	147	216	217	272	188	211	252	95	103	295	294	229	264	306	147	118	171	120	130	269	123	123	206	202	65
82	238	70	60	258	186	91	167	99	121	213	277	257	235	271	89	106	290	140	92	267	216	145	117	244	295	149	110
234	95	138	131	62	88	139	159	92	205	93	71	248	110	97	320	197	72	206	97	132	80	77	150	298	65	141	91	213
203	122	196	144	294	176	112	201	208	235	222	170	88	213	89	234	288	156	127	300	299	259	213	234	118	171
206	195	178	285	314	236	122	117	266	159	62	269	113	91	85	109	85	89	86	266	100	149	207	178	208	76	160	153
62	187	76	103	104	196	224	70	209	118	192	86	62	300	269	270	164	99	121	117	144	123	166	148	198	228	154
98	157	108	130	142	245	180	75	146	281	172	229	105	136	171	92	211	169	82	165	133	244	269	217	68	247	145
69	189	261	93	134	99	90	125	177	76	246	293	118	161	104	145	82	138	92	187	144	61	139	112	73	66	316	300
138	128	145	93	86	166	159	228	261	214	308	255	171	146	64	153	287	292	189	78	71	66	85	146	258	255	85	269
150	136	313	252	166	98	133	127	114	296	79	216	121	184	89	123	103	179	245	251	61	212	225	67	164	225	70
186	202	201	70	65	317	143	188	110	105	271	75	103	93	98	103	198	288	217	224	67	89	249	305	111	92	245	90
146	227	81	240	173	231	87	63	229	94	102	97	72	73	185	81	190	135	299	61	265	79	145	63	63	188	206	185	88
296	70	237	258	280	82	148	83	302	149	132	139	85	244	89	109	80	143	254	240	207	218	205	113	99	227	196	166
60	239	281	122	296	287	246	281	79	295	122	112	235	278	100	77	235	240	70	287	73	110	289	90	95	150	144	71
229	238	66	302	123	99	62	86	62	250	106	167	297	77	117	77	65	190	303	80	116	67	102	75	115	222	103	65	97
194	158	62	199	241	96	89	66	80	296	328	163	80	96	222	274	222	84	126	225	69	154	127	278	92	70	295	115	112
131	126	203	114	84	161	98	150	223	237	261	211	64	85	166	105	125	256	293	216	160	244	214	124	148	171	155
128	319	189	102	161	115	224	159	305	225	251	301	242	109	192	112	107	318	102	131	193	73	300	98	288	286
281	191	195	90	158	216	225	179	148	88	220	90	191	241	304	223	129	282	87	84	77	289	251	136	170	152	161
109	138	64	266	224	86	62	223	298	163	73	124	146	285	120	264	171	85	70	102	137	276	99	205	239	213	165	264
168	80	310	202	73	221	243	265	147	214	123	83	292	226	101	77	114	167	158	132	128	74	182	80	80	135	248	99
281	225	102	207	70	229	186	294	184	230	133	81	300	235	230	268	311	148	69	73	65	80	121	152	112	67	62	92
306	173	67	233	316	212	202	282	80	121	63	142	77	194	87	150	243	171	120	168	161	89	135	130	254	226	164
61	73	64	285	280	102	120	135	266	268	278	278	182	85	292	264	221	299	190	77	192	95	181	309	257	131	159
142	147	196	120	67	94	130	176	151	98	298	86	179	257	139	76	272	236	247	101	101	144	85	178	129	120	132
199	63	71	193	319	170	257	109	90	135	287	186	269	308	304	262	95	98	120	284	283	196	111	316	104	123	304
217	137	264	133	125	205	81	149	133	113	154	120	90	145	62	193	91	235	320	70	154	162	110	98	270	299	159
62	93	60	281	131	145	87	118	177	107	143	133	214	242	212	262	168	132	252	148	253	213	220	71	88	112	164
284	279	306	277	265	99	222	213	235	272	141	152	92	146	203	120	66	63	121	111	71	208	223	126	108	157	75
187	334	114	123	114	104	199	83	248	304	279	170	115	213	139	218	241	85	125	153	69	154	165	127	197	288	127
228	223	126	111	260	151	68	75	164	288	83	97	108	226	65	166	154	62	162	96	137	168	112	105	79	131	63	155
84	149	72	68	200	269	85	103	94	293	140	121	97	268	237	192	213	78	158	95	176	271	120	172	154	163	84	191
68	82	173	141	152	211	145	130	207	99	161	80	168	103	81	156	283	115	78	286	227	155	126	129	169	239	91	230
279	63	80	158	248	85	272	265	74	103	177	211	128	77	191	80	149	193	148	103	138	244	80	287	253	169	86	277
252	181	285	127	172	104	113	138	263	146	94	156	263	235	209	154	69	245	183	151	184	61	130	152	119	166	214
80	208	259	134	118	327	268	230	282	129	174	174	312	227	74	200	302	115	73	90	288	286	143	74	215	217	99
185	61	173	125	125	89	170	126	230	79	104	160	229	91	212	104	144	245	89	162	118	77	65	299	221	257	63	262
71	244	283	110	180	148	68	94	76	173	111	235	60	255	252	246	202	87	71	130	209	124	221	135	164	102	135	260
175	67	92	309	122	167	270	102	155	194	249	241	263	191	198	96	94	298	215	111	153	61	199	226	295	236	81
154	86	127	214	169	92	60	157	133	87	175	86	169	104	86	343	60	212	269	112	119	95	67	96	211	92	183	142	117
93	149	65	178	286	68	146	138	81	103	173	178	118	66	98	260	99	182	95	83	72	191	97	316	129	256	88	65	256
146	79	291	88	96	190	192	209	109	127	88	63	293	116	140	303	200	136	64	71	114	290	238	267	214	177	61	87
186	123	112	133	182	176	193	165	224	259	244	205	224	288	172	158	223	244	75	165	117	75	163	76	68	105	81
181	128	104	215	265	276	284	62	73	72	205	277	80	241	284	299	194	62	156	62	79	187	264	297	128	273	84	126
254	77	78	117	156	255	103	166	66	66	97	207	201	153	128	92	94	212	106	75	71	95	63	101	101	99	254	174	201
71	205	186	284	283	232	61	111	168	300	317	91	128	128	107	76	70	288	112	72	297	151	104	153	79	91	118	202
72	79	137	63	295	217	213	88	126	143	89	249	244	70	286	94	172	126	140	206	70	111	317	144	109	170	287	151
200	227	259	173	72	362	69	160	67	219	284	182	163	211	93	151	81	74	235	212	79	67	249	66	144	123	126	208
170	189	216	270	307	204	129	179	92	138	181	101	208	226	264	239	193	72	65	67	88	316	248	150	69	272	188
205	142	131	143	292	130	152	154	105	129	166	94	80	108	289	192	287	239	265	256	288	134	69	256	130	115	90
88	121	187	224	183	141	74	169	100	164	167	305	172	219	114	101	312	233	295	151	102	85	159	209	273	89	142
109	253	75	107	114	89	117	102	80	178	240	90	191	241	108	157	174	87	118	135	104	111	117	230	198	107	108
281	194	262	74	166	62	119	281	186	81	78	85	77	288	153	157	278	109	69	212	280	289	102	167	231	171	102	149
89	216	102	175	198	67	170	152	79	199	63	136	293	108	201	88	145	233	203	82	169	212	176	280	271	63	176	303
284	117	147	282	250	291	287	106	65	175	88	149	101	287	255	325	288	303	77	214	249	211	148	194	87	177	295
228	308	108	109	132	283	282	116	62	212	132	148	212	87	153	74	111	61	61	90	238	91	155	144	62	278	75	272
275	276	286	292	257	316	205	71	101	158	110	310	113	89	263	88	107	108	84	296	169	293	177	110	162	238	80
144	219	250	139	120	87	208	237	83	69	210	187	98	179	228	182	68	243	193	198	191	88	246	122	207	224	68	199
267	74	120	86	175	197	60	79	222	265	215	284	229	140	176	100	77	241	281	178	300	297	83	169	188	97	219	290
284	161	76	295	111	325	207	151	169	255	74	113	112	191	114	159	196	100	166	61	95	74	64	268	248	125	99	113
77	201	317	228	65	270	170	155	107	201	120	193	322	293	267	78	151	92	173	196	288	152	111	165	272	222	215
64	239	119	173	128	224	78	141	95	87	134	177	123	235	176	104	150	107	156	298	212	162	283	258	269	261	269
131	79	88	199	301	222	131	75	232	177	138	179	62	220	177	126	169	90	524	263	80	162	181	108	96	63	299	212
68	230	237	268	306	204	210	93	272	107	284	213	266	236	73	120	233	305	65	268	86	299	221	138	100	349	101
150	60	273	119	179	194	262	138	72	258	180	78	156	160	322	207	185	74	313	265	60	138	74	284	273	60	84	170
150	102	126	169	100	297	278	159	291	84	144	100	161	229	105	219	229	173	75	267	105	223	101	73	148	151	127
278	200	156	91	299	96	253	75	267	197	300	202	180	181	78	151	63	205	98	99	133	244	246	92	290	162	134	267
146	90	151	74	212	269	86	102	81	93	191	233	120	256	93	179	152	180	219	271	179	83	281	235	266	80	208	92
64	165	218	260	226	81	146	283	253	232	108	75	215	294	165	80	78	320	167	216	264	70	103	120	67	208	179	116
71	110	273	219	61	292	290	254	64	209	80	66	131	102	261	259	231	285	266	127	103	148	78	83	185	295	72	286
293	194	142	79	63	78	161	66	146	209	73	265	175	146	67	193	191	74	84	214	230	179	75	198	237	307	117	97
99	112	84	91	286	169	284	284	316	201	186	67	123	288	146	268	113	126	299	192	88	222	88	85	83	209	101	277
94	195	125	96	80	122	264	252	208	78	207	120	125	64	222	162	98	298	280	63	125	119	203	296	188	223	202	140
167	108	80	122	181	86	103	88	265	108	216	215	229	275	148	123	103	161	229	158	180	77	225	215	67	66	202
308	126	248	178	192	268	315	96	238	85	223	90	65	60	240	204	176	139	64	229	191	199	156	127	198	74	109	105
102	75	204	199	243	111	168	116	165	97	71	178	84	278	251	155	270	121	156	117	111	151	107	323	307	291	105
197	213	107	72	156	113	67	104	247	131	105	67	118	192	202	91	72	115	94	136	228	78	216	92	94	157	67	192
173	187	98	306	147	170	86	270	127	225	199	131	127	189	204	128	184	230	71	318	183	307	157	63	64	304	166
238	146	197	107	172	278	211	204	167	178	60	152	112	82	271	220	289	125	136	399	302	105	149	202	111	113
107	71	61	72	86	136	101	104	163	62	176	130	222	259	312	202	60	178	112	179	91	76	66	74	299	298	62	71	296
245	72	286	167	73	222	211	212	202	243	306	113	158	67	236	101	66	154	168	106	278	161	205	321	297	83	78
204	228	186	145	124	275	150	228	254	290	288	259	220	201	197	72	295	118	185	83	285	175	277	66	84	77	120
256	201	330	260	242	186	186	258	92	67	155	198	89	86	67	220	137	178	170	254	154	61	208	212	93	187	61	75
156	60	75	66	266	88	303	112	125	120	188	95	103	157	95	96	64	137	97	146	63	141	61	106	274	80	67	169	201
177	118	93	81	218	236	260	134	225	89	97	160	123	97	70	195	87	123	208	152	64	218	98	136	153	140	95	207
141	63	317	242	70	157	105	238	143	77	160	239	158	91	307	86	69	84	109	95	234	226	217	101	171	191	213	115
274	257	306	132	194	245	139	93	63	227	101	103	73	96	65	124	100	216	123	106	168	68	192	105	286	204	158
94	208	275	96	170	243	83	114	105	84	229	277	62	232	257	185	67	141	197	146	70	171	99	163	104	100	87	62
86	148	70	233	74	61	197	184	81	148	69	82	118	169	120	126	296	129	166	320	283	280	283	62	268	282	222	87
290	144	65	116	128	235	207	174	106	124	192	130	170	289	256	307	262	60	167	136	334	272	200	80	75	182	120
134	135	140	173	234	227	96	162	98	109	232	168	104	198	297	295	85	297	314	316	257	108	253	135	136	185	124
110	183	260	136	153	77	81	213	165	61	85	73	126	121	110	101	82	92	82	90	81	88	100	111	78	83	64	60	222	235
252	254	168	125	177	64	178	238	73	88	132	125	126	310	77	129	122	296	126	65	193	72	109	131	142	71	272	75
184	65	85	216	76	163	176	89	126	170	72	90	82	283	221	254	76	207	62	155	273	266	97	86	174	83	165	122	65
270	298	64	187	194	63	141	128	69	154	112	164	182	106	86	133	199	74	140	96	286	224	91	115	194	78	208	104
136	234	85	66	223	293	261	231	65	237	76	112	232	107	166	194	88	87	155	101	205	139	173	127	314	213	133
143	64	120	238	91	89	74	94	141	86	146	190	158	280	170	74	170	238	82	136	75	66	201	89	173	83	65	201	279
283	145	69	85	257	226	122	130	84	174	125	325	75	112	282	294	68	65	208	260	182	284	308	100	296	281	315
103	142	62	216	272	283	215	232	168	125	79	168	192	142	268	100	174	105	256	93	152	282	87	60	283	178	164
72	286	187	85	76	175	304	130	60	184	220	124	85	104	117	155	71	79	71	78	73	191	182	98	108	226	288	80	179
72	312	86	95	99	71	89	142	156	227	216	281	87	152	166	88	208	275	109	217	291	194	80	67	92	164	62	67	91
112	90	282	80	82	137	77	243	64	83	66	174	198	88	188	60	299	300	286	175	148	110	158	110	96	105	111	155
100	98	103	154	94	120	95	141	155	137	73	64	197	67	259	122	159	193	76	217	69	120	156	66	140	70	62	130	285
160	77	99	62	135	69	291	113	88	82	179	72	80	100	177	209	215	226	214	115	76	121	179	95	182	217	164	68	174
136	104	164	203	142	62	198	60	146	105	159	97	98	240	139	112	213	99	99	83	130	86	272	230	84	122	162	60
238	135	232	283	232	112	113	158	161	130	235	152	109	97	141	330	270	188	73	242	286	162	138	203	301	214
311	196	80	121	103	80	185	261	97	155	183	257	202	167	124	114	179	73	215	116	61	252	119	171	186	67	193
60	219	232	269	79	83	135	84	135	139	64	237	75	147	167	72	147	130	150	178	103	71	145	205	189	121	133	267
147	133	135	77	65	71	72	206	139	79	219	71	137	164	77	292	291	192	112	219	143	87	206	93	240	91	154	126
152	240	233	186	126	152	191	111	239	70	291	68	89	149	202	61	205	77	152	107	98	104	160	278	304	234	153
176	209	283	110	95	169	103	235	62	222	104	144	193	108	214	60	274	246	111	132	63	264	224	71	166	62	303
290	205	169	287	296	128	144	112	135	255	121	117	101	212	278	238	82	203	297	131	141	226	107	90	166	98	173
219	299	169	93	109	79	96	74	202	135	192	155	99	279	65	227	128	119	83	127	86	121	70	104	70	181	76	273	292
210	120	223	220	280	223	207	76	98	87	146	66	253	68	189	272	96	127	171	193	78	70	142	284	317	164	256	68
239	247	243	170	71	233	262	110	69	110	83	97	100	225	84	95	94	110	145	100	149	61	64	123	71	238	214	208
70	459	200	273	76	104	213	64	62	237	108	138	94	123	256	278	221	142	73	99	130	91	121	102	298	208	93	72
119	138	71	100	168	272	109	147	79	158	270	151	317	218	164	226	315	182	108	120	185	198	117	265	203	205
114	137	139	63	174	67	275	226	187	61	239	238	75	206	91	97	159	75	160	257	76	73	274	300	75	101	131	71	70
68	181	291	101	81	64	70	86	147	161	156	67	110	148	139	107	75	180	97	115	280	81	273	261	143	151	148	216
187	214	84	171	288	285	76	147	191	278	90	259	189	322	180	77	161	159	262	297	63	215	266	144	133	152	282
276	170	297	196	72	167	293	240	256	64	238	152	98	189	98	186	178	142	76	147	180	252	70	107	70	91	204	108
241	71	96	71	309	122	281	247	298	308	82	105	61	110	139	257	71	203	180	70	199	125	62	246	206	253	212	63
203	94	109	129	125	93	93	104	71	207	69	173	76	85	245	178	103	153	109	132	109	117	215	189	243	68	176	99
78	278	111	155	114	124	155	243	175	69	265	217	304	294	272	92	145	283	61	290	207	231	103	223	87	160	71
198	129	70	180	125	266	218	264	105	97	72	134	131	248	173	102	321	285	200	80	268	74	170	69	214	96	191	85
194	134	154	66	64	185	76	224	71	82	170	146	186	67	83	184	269	107	103	237	117	116	133	69	186	78	292	248
152	182	237	78	276	120	120	318	236	69	61	294	221	86	202	174	84	176	105	165	120	299	205	224	202	67	202
249	200	229	64	74	93	130	310	143	94	159	142	103	191	109	99	60	123	185	84	141	177	124	100	206	61	197	76
162	119	304	272	147	322	232	158	269	73	182	105	219	204	64	72	176	207	282	65	127	91	309	66	249	66	261	126
292	168	96	89	187	120	122	101	143	81	121	174	286	252	276	180	208	182	99	90	81	181	95	171	63	75	226	160
94	146	271	263	60	161	272	78	160	102	75	67	70	98	137	254	75	242	77	284	94	123	149	224	140	251	140	85	235
87	86	62	166	106	169	114	61	192	160	299	250	258	92	112	272	236	289	255	103	171	266	137	76	177	87	229	195
120	155	308	241	222	211	69	219	234	261	167	112	79	136	64	169	79	144	226	278	299	268	245	257	246	294	246
202	67	185	219	109	180	200	233	179	89	262	176	174	91	133	155	203	306	118	130	120	137	110	303	238	195	130
199	92	63	161	144	82	128	111	148	225	63	221	229	130	162	123	61	103	127	91	291	62	223	115	86	69	227	70
126	261	114	133	141	316	191	88	161	131	138	204	236	170	227	76	77	104	306	131	190	234	107	177	178	267	256
302	213	86	95	165	195	186	195	117	98	253	156	115	114	292	198	120	91	265	100	214	119	119	76	313	182	231
186	304	266	253	266	62	76	79	81	136	199	128	146	99	204	90	314	193	284	92	259	301	99	266	166	65	174	215
73	88	100	141	91	296	99	99	67	164	90	121	77	249	179	136	70	72	118	192	122	228	90	300	88	222	70	212	167
229	288	319	126	161	185	63	138	70	284	149	100	136	62	229	260	199	146	200	94	158	110	154	284	193	258	68
118	188	66	177	287	152	165	256	185	89	131	211	111	159	74	191	101	183	164	82	253	93	316	222	246	213	300
219	173	199	119	140	171	144	66	102	89	82	127	78	82	80	193	68	111	118	275	89	60	135	284	94	198	81	138	155
209	211	128	76	152	260	176	235	197	142	91	299	164	103	68	206	81	121	76	221	245	154	201	206	258	110	70
95	231	64	263	173	217	158	251	292	205	78	97	104	212	102	85	226	200	292	195	262	270	190	179	63	127	86	150
140	65	211	248	215	158	257	60	292	209	265	62	247	60	61	188	89	218	301	75	183	270	210	93	132	101	158	119
162	76	102	76	170	85	297	102	87	83	102	129	185	280	164	65	105	205	67	250	174	77	77	179	251	106	323	192
62	279	106	114	60	129	68	98	176	234	86	218	159	147	144	72	73	196	69	180	298	307	139	65	280	130	61	146
273	224	266	148	63	208	114	109	105	61	206	62	201	280	288	140	247	117	95	216	264	286	248	254	233	244	208
221	107	213	303	237	290	306	301	190	149	311	299	83	255	81	73	153	281	66	101	264	202	154	135	134	91	279
184	186	113	296	304	218	277	274	309	189	242	264	269	187	91	130	73	306	160	137	231	275	90	122	311	140	150
197	171	272	202	120	83	164	60	99	232	278	255	227	256	181	252	197	161	75	145	79	192	254	276	108	156	234
91	128	107	128	84	274	104	172	74	168	116	68	186	113	168	280	90	180	137	217	144	113	232	123	85	67	82	63
60	146	113	189	80	301	115	104	71	195	260	93	267	299	119	91	65	284	267	310	198	107	131	126	173	95	98	331
151	166	280	175	255	293	89	80	127	121	239	180	146	214	82	81	69	78	266	159	152	285	60	63	141	295	317	307
172	64	239	121	149	70	201	61	77	122	89	78	266	150	252	223	156	134	194	82	149	146	130	69	99	84	65	119	343
250	123	62	81	130	119	100	81	69	269	281	117	230	78	91	233	150	133	302	82	155	186	78	119	178	93	61	137
120	301	275	209	270	151	145	271	140	66	66	283	235	125	181	93	97	92	63	183	206	62	272	128	60	185	304	160
100	105	178	294	184	269	155	135	77	282	100	158	165	67	130	321	164	90	201	310	125	71	272	118	166	298	298
178	76	154	64	213	172	201	219	211	71	127	92	236	218	93	71	71	295	202	110	186	273	104	84	109	163	223	139
181	102	149	133	164	142	181	143	167	279	237	280	170	121	121	206	302	166	81	136	159	92	284	260	236	247
291	194	226	297	68	95	103	144	76	66	245	316	167	68	179	108	252	97	150	66	204	219	302	140	147	74	71	182
100	104	312	67	280	182	153	289	151	133	68	112	97	70	144	116	169	120	87	212	262	153	245	153	110	156	124
82	145	153	333	167	246	225	195	338	237	308	280	125	175	161	112	115	241	156	216	168	170	149	147	64	116
98	332	171	197	151	69	172	261	133	76	193	288	79	60	170	286	140	89	156	60	86	177	256	278	178	195	168	126
130	261	320	93	184	316	81	152	313	248	227	110	277	104	313	279	132	238	136	141	99	217	123	83	112	311	226
105	180	196	96	82	66	229	261	169	171	199	105	71	65	180	143	178	96	60	99	217	74	220	318	205	71	203	70	193
81	172	71	148	238	154	110	97	109	98	60	152	105	74	272	107	142	64	150	60	86	117	174	187	110	166	271	127
63	77	73	272	158	64	129	200	260	217	207	174	88	145	60	178	70	189	61	66	308	197	296	73	214	235	301	298
292	72	116	98	66	272	318	197	79	93	142	214	116	88	80	174	77	204	96	287	241	187	97	264	137	105	253	96	138
228	65	162	146	108	236	270	192	85	67	153	62	175	192	140	76	251	70	172	275	104	99	80	99	61	225	60	116	71
85	105	109	130	281	268	287	208	159	133	138	67	213	68	235	259	83	237	215	106	171	232	104	131	207	91	168
134	136	80	203	148	202	80	154	278	91	174	272	213	172	262	147	169	229	104	100	172	177	287	257	189	251	212
161	76	111	126	237	243	200	76	108	193	124	217	169	102	136	162	157	87	261	93	219	71	90	100	146	74	243	195
60	299	283	98	75	81	199	286	283	264	78	187	108	136	78	71	299	71	231	317	293	144	120	212	78	126	138	177
311	260	216	82	99	156	281	94	80	136	65	100	99	271	309	261	81	80	96	142	118	261	247	271	105	185	243	181
115	105	139	149	126	111	267	146	171	67	220	290	246	64	162	198	240	79	76	141	244	142	236	81	76	198	93	66
122	300	298	265	295	267	309	239	62	205	165	91	209	77	209	148	302	165	137	99	92	129	136	112	121	260	263
107	175	167	238	289	102	196	302	247	125	62	138	96	247	62	76	81	171	108	80	108	90	239	218	281	181	245	107
63	62	192	195	68	244	226	119	66	166	206	129	73	130	149	66	182	228	104	93	190	230	90	138	154	229	269	226
163	246	283	113	161	100	115	127	77	302	61	120	255	135	128	288	81	163	240	163	234	219	130	165	130	240	246
175	234	88	225	278	91	91	284	218	233	202	139	284	229	306	292	128	90	196	192	153	115	136	74	238	124	124
283	286	296	294	73	243	231	122	284	290	104	135	82	222	111	97	154	124	92	262	172	271	319	68	127	117	93
239	206	166	80	75	144	171	123	68	176	98	232	189	126	139	77	129	61	268	82	314	227	223	292	115	249	294	69
97	303	86	60	260	171	85	260	180	85	306	148	214	97	108	106	106	127	71	203	192	106	264	91	87	168	116	256
213	79	269	91	248	76	237	269	193	201	158	252	272	155	122	124	131	71	168	175	76	137	60	101	84	260	239	74
301	92	258	274	166	122	190	120	169	98	228	62	132	102	138	202	141	187	170	149	277	76	291	288	249	111	119
283	250	133	154	65	191	269	122	127	112	161	130	62	254	71	112	126	103	201	210	141	193	212	297	276	302	183
216	88	134	78	122	227	296	92	167	137	104	76	201	108	170	132	70	96	112	201	70	124	162	106	127	124	300	284
144	194	313	157	161	274	241	141	103	332	268	243	207	234	196	238	279	156	72	143	148	203	61	65	196	61	172
65	221	229	285	154	208	203	245	270	76	196	223	135	116	227	216	69	69	217	73	76	64	198	173	97	179	245	141
85	187	183	61	396	213	90	143	228	218	96	185	252	82	270	207	115	118	119	127	174	244	127	158	98	141	128
141	258	176	78	118	204	119	298	236	298	262	245	189	85	118	293	88	112	172	276	191	258	76	182	132	96	177
130	112	151	222	111	188	185	228	224	208	92	268	77	222	146	116	161	231	173	74	63	158	260	193	135	135	160
142	112	147	67	225	73	92	111	181	83	144	88	196	63	277	209	262	269	106	160	139	96	116	322	81	246	186	170
258	221	162	242	277	108	196	253	314	299	184	153	157	243	105	79	313	295	67	171	98	173	193	252	146	87	284
190	214	181	253	289	256	112	139	143	127	214	246	182	218	128	78	173	89	190	79	155	72	112	116	121	230	213
262	118	245	306	229	208	93	274	101	67	272	117	79	80	104	91	287	82	89	209	162	120	273	170	124	106	194	238
285	68	127	60	169	147	170	81	61	111	138	135	88	107	184	203	135	190	124	162	67	93	102	88	327	339	108	186
264	131	130	149	69	107	167	260	96	108	90	71	174	148	78	257	177	96	127	101	81	68	278	64	227	64	302	219
63	134	92	279	61	220	69	116	149	148	237	65	85	157	77	81	90	121	92	197	243	233	68	192	116	113	205	174	155
80	88	98	108	88	76	256	206	64	263	247	285	128	297	292	124	93	71	186	161	208	300	137	79	229	159	79	123
134	141	189	78	255	97	287	89	154	303	273	81	200	290	324	89	102	229	300	213	60	238	103	69	123	277	129	198
63	208	75	127	70	151	63	324	229	64	60	241	283	203	86	121	126	306	120	157	162	152	195	202	271	116	102	137
87	198	99	82	188	82	287	119	175	180	86	215	151	308	296	227	201	117	225	303	285	236	142	81	87	142	110	74
107	66	86	75	204	256	121	236	85	152	127	275	66	275	219	61	204	308	210	73	103	65	61	202	300	236	269	69
105	149	251	122	80	152	111	192	68	278	98	151	325	153	292	195	215	275	245	317	100	195	80	199	240	253	104
109	60	78	408	74	60	200	88	139	162	257	61	105	80	87	106	77	198	92	60	192	146	103	187	336	115	100	145	344
125	62	305	124	275	189	70	186	71	136	175	121	278	305	235	284	243	163	143	85	155	174	205	98	64	201	128
199	113	140	168	129	251	90	162	89	166	209	140	131	157	71	226	62	252	104	89	210	153	78	204	153	125	165
310	153	247	238	108	224	94	63	161	91	210	285	288	86	82	166	64	240	70	152	128	154	192	167	76	98	90	200
273	172	203	170	73	134	155	182	221	136	202	295	76	96	110	165	285	223	164	98	181	94	169	83	267	77	95	308
153	61	147	92	79	71	164	136	243	248	129	194	157	160	113	83	255	145	122	300	254	252	301	286	90	151	113
178	119	202	287	258	66	250	228	149	182	200	89	242	70	97	289	240	229	120	221	115	66	122	97	207	242	276
232	281	214	77	101	113	135	221	294	125	71	187	240	248	289	189	101	147	101	188	252	202	117	63	203	235	107
66	218	270	79	259	172	241	274	239	132	262	148	104	285	175	96	165	158	103	151	91	130	187	100	83	246	156
145	64	75	81	201	89	198	126	62	110	84	218	88	182	141	145	89	93	226	83	153	119	228	253	174	187	202	267
242	84	285	251	301	303	147	91	90	69	138	72	274	308	305	113	79	311	291	201	80	234	239	277	88	186	245	209
61	160	124	95	171	283	204	185	220	239	299	265	275	280	184	69	201	96	94	69	212	64	91	94	207	146	196	145
153	100	60	98	206	116	142	100	165	139	189	107	68	89	60	281	167	199	221	145	225	231	269	126	76	138	61	84
76	161	82	115	301	167	77	207	136	238	187	266	157	112	219	88	274	315	159	69	113	93	107	65	75	213	149	108
243	94	88	232	146	281	225	91	248	209	205	76	148	245	193	261	103	102	330	274	125	223	305	226	159	186	136
168	200	256	231	61	208	229	272	257	261	302	207	99	265	72	171	213	309	96	247	322	72	81	62	287	149	134	214
243	62	172	75	138	241	129	160	169	69	122	86	79	217	255	140	79	124	264	125	138	266	134	173	68	214	219	122
89	161	193	171	89	83	179	103	93	137	85	202	126	134	77	164	93	240	112	74	62	116	154	226	81	62	94	106	148
74	193	75	206	68	260	257	304	300	315	101	166	186	115	96	170	119	248	81	106	198	278	108	168	296	158	104
250	70	287	121	106	210	79	80	265	133	165	80	96	271	266	68	70	102	210	73	215	119	208	96	242	256	232	102
267	71	198	316	81	232	294	137	190	73	239	224	254	310	126	117	146	150	133	97	97	204	238	139	66	113	295
85	131	91	74	271	178	110	133	154	69	253	120	136	255	233	182	95	240	235	206	124	95	140	89	165	73	176	272
297	89	184	71	122	315	213	95	153	249	76	304	166	107	323	223	104	93	211	320	233	63	138	69	131	294	243	140
110	212	83	102	163	63	72	185	75	106	89	228	134	210	72	73	79	76	197	88	138	89	81	218	266	140	231	87	135
68	153	64	230	195	232	79	224	202	113	167	103	120	254	113	102	83	157	171	84	123	153	82	202	229	287	207
250	273	78	76	230	288	191	73	115	88	168	147	124	100	147	282	101	106	144	88	154	223	180	226	253	127	135
94	62	66	110	118	162	210	71	186	118	177	75	99	264	85	70	115	163	238	107	68	96	70	133	290	182	125	104	143
66	223	122	173	105	130	188	107	96	312	307	304	86	112	83	218	142	108	274	107	153	219	259	276	74	333	159
142	310	151	60	120	132	72	61	130	167	95	339	230	240	276	105	77	154	88	155	220	179	101	98	82	243	147	143
251	115	126	233	68	155	131	263	225	263	130	141	92	188	171	62	77	283	169	305	309	86	130	232	65	107	91	86
70	161	73	117	87	101	125	65	106	87	62	273	142	261	307	303	299	64	102	126	93	102	96	214	177	231	138	173
288	209	236	198	175	66	228	254	153	200	153	199	216	109	111	92	64	261	222	63	174	161	85	77	79	206	234	61
148	114	93	187	186	230	68	119	88	73	151	243	136	102	204	70	160	77	89	66	97	68	205	230	278	178	86	283	148
117	248	128	131	303	105	114	82	187	290	295	319	317	275	147	91	87	192	124	84	122	150	225	100	197	94	138
144	213	146	246	182	252	184	307	262	244	125	293	167	140	111	154	84	183	87	146	74	197	157	84	205	64	187
215	77	70	236	162	119	156	125	84	126	124	241	78	91	115	202	121	111	180	146	197	144	200	209	242	169	127
285	134	145	258	143	163	303	278	148	165	65	240	107	270	65	138	197	300	246	79	95	226	183	136	110	221	128
168	108	246	248	115	132	197	79	265	64	179	71	111	197	240	210	121	88	74	82	319	207	227	87	278	78	90	284
196	269	156	92	200	173	135	109	78	249	194	77	133	157	278	199	277	268	122	60	271	152	142	176	151	219	119
104	109	86	154	134	194	118	90	168	265	207	102	175	243	114	103	69	87	118	205	180	233	289	250	150	172	255
76	229	191	74	142	164	188	95	160	63	219	211	159	91	200	245	69	251	265	95	80	234	273	240	72	82	148	279
61	285	285	114	284	96	146	83	210	231	99	101	158	256	188	235	183	77	100	144	106	85	269	85	75	170	64	223
253	197	128	97	69	111	173	71	289	134	212	87	60	306	76	148	285	73	153	258	134	216	223	70	221	279	263	323
85	184	89	185	95	179	111	246	275	92	203	169	189	107	256	203	254	156	229	157	184	203	217	154	71	157	278
133	157	147	142	181	95	227	106	83	129	80	174	88	253	292	153	69	107	261	133	97	255	259	60	126	154	62	92
63	176	150	147	254	212	170	141	77	117	73	217	93	220	286	194	312	87	115	261	240	77	204	68	149	100	116	70
253	244	92	123	105	234	226	70	239	269	232	177	100	66	117	107	251	211	80	65	139	159	238	214	223	83	195
89	161	217	266	290	285	229	289	231	304	117	144	355	142	121	149	168	306	222	247	182	169	85	268	290	140
196	102	256	308	277	98	138	310	181	108	171	114	69	244	86	160	81	182	75	113	93	302	328	257	236	208	290
111	80	275	140	288	107	108	101	72	138	100	157	122	116	66	237	298	81	150	265	170	130	101	318	161	114	174
93	161	127	177	106	283	145	160	318	187	135	197	98	278	233	178	73	257	271	104	100	79	324	224	246	171	161
99	155	107	281	137	62	296	140	79	164	186	100	69	181	87	218	272	103	67	294	72	81	69	93	106	304	144	247
126	213	101	286	212	274	269	288	152	81	74	160	104	334	121	134	76	141	211	62	77	148	80	72	173	110	261	67
196	323	65	215	74	145	96	116	62	264	147	224	88	114	71	222	100	130	305	284	68	189	191	314	87	100	90	147
220	157	70	218	86	165	68	90	109	223	214	219	162	162	262	252	178	186	235	70	173	235	97	198	149	208	75	221
92	211	91	144	209	166	113	132	107	125	75	73	79	93	84	142	214	78	70	92	280	253	67	86	64	216	106	71	79	66
73	177	67	319	179	62	130	92	154	115	147	92	212	144	327	313	252	161	253	60	140	160	146	61	284	63	125	156
161	193	70	220	105	263	158	183	146	213	99	119	213	67	149	265	138	79	243	307	133	196	285	225	86	186	133
77	61	69	245	215	310	214	101	288	194	71	113	84	118	69	261	109	157	292	227	308	210	68	215	75	183	127	133
248	99	137	297	116	74	246	135	61	157	237	173	78	258	139	89	214	188	147	82	81	61	151	114	107	150	297	301
315	165	122	156	305	300	96	99	140	142	287	152	151	244	65	65	170	230	239	78	162	171	114	209	306	238	164
212	267	97	97	118	248	95	103	203	89	107	64	93	190	176	154	96	143	279	205	282	84	82	160	148	184	245	87
218	177	90	107	107	85	153	97	66	214	142	73	107	232	223	132	82	111	70	150	96	115	173	101	324	152	207	155
105	157	108	109	91	186	179	289	76	179	121	63	173	65	208	236	299	90	105	82	158	274	203	169	214	293	196
118	248	112	167	176	141	86	64	84	70	186	218	61	117	133	100	86	313	150	201	105	142	84	267	321	147	114	226
80	61	224	86	254	245	75	92	104	231	110	187	254	81	184	287	241	82	304	73	162	221	72	121	295	265	175	128
191	65	93	67	105	256	115	142	269	155	112	74	198	247	104	244	127	88	238	151	168	99	130	197	77	250	72	101
77	210	249	150	298	179	288	116	106	133	120	266	232	61	176	78	108	169	81	313	246	240	186	107	192	79	279
181	129	115	88	70	211	62	136	181	105	222	210	108	103	143	106	186	119	149	113	242	192	67	112	201	199	102
173	89	227	193	89	63	124	125	92	109	139	136	97	300	140	156	175	92	148	204	169	109	110	63	104	93	89	126
201	325	145	95	71	243	241	227	66	126	117	83	156	254	60	172	68	208	84	160	114	178	76	171	126	167	208	71
291	185	118	72	65	165	103	105	217	118	194	223	108	94	251	224	104	189	239	74	165	299	266	298	301	254	148
78	160	187	100	152	127	276	73	225	228	287	253	240	209	82	101	74	207	273	64	75	227	81	169	66	250	231	140
130	216	249	325	138	292	175	200	296	89	118	200	300	131	217	166	176	238	298	183	119	132	293	167	85	224
60	253	292	253	233	265	106	164	99	403	261	271	69	330	197	65	287	191	248	193	165	165	311	230	115	188	308
194	66	63	187	172	69	63	85	65	69	105	64	77	259	234	60	64	288	262	288	164	153	284	328	80	227	141	98	72
66	87	119	248	105	88	136	96	117	65	148	207	155	110	130	205	279	138	105	316	98	202	188	247	163	200	87	188
134	180	135	260	251	275	217	257	139	191	134	148	216	262	186	62	125	83	161	187	106	217	88	122	266	221	182
110	74	69	261	121	179	82	114	62	154	122	156	184	100	150	95	233	73	91	80	115	73	92	290	105	226	231	104
96	60	61	60	269	151	135	154	111	93	106	165	232	78	78	183	319	80	89	311	126	105	144	104	202	71	142	88	123
104	81	71	72	287	153	110	260	140	107	290	236	239	65	145	117	174	105	188	78	282	78	69	321	255	214	253	100
126	300	141	175	253	251	237	105	162	241	62	72	120	180	118	118	147	99	79	142	66	64	226	273	64	83	129	215
66	330	226	271	115	124	178	140	135	259	274	306	265	68	263	214	94	90	84	273	80	141	197	217	191	102	153
167	275	290	269	138	302	172	168	86	124	218	146	122	98	147	116	121	84	106	68	88	187	208	91	121	333	117
67	71	271	110	196	98	206	289	204	98	136	179	73	110	258	269	114	136	154	64	130	141	107	122	237	201	167
219	73	117	193	66	71	133	130	156	90	74	189	280	212	214	216	80	60	131	60	63	180	121	136	173	117	244	255
216	105	152	286	197	252	314	295	193	138	259	280	212	294	193	306	307	253	236	61	165	203	279	163	134	75
100	216	127	146	248	103	198	98	242	280	214	308	286	201	61	133	122	144	131	156	208	66	164	235	159	104	212
79	238	135	90	160	84	180	241	131	101	160	61	83	259	188	67	130	169	189	77	200	87	78	94	234	182	85	226	189
221	198	86	149	102	249	132	89	158	131	231	306	86	90	134	304	127	193	62	190	149	87	83	152	61	244	268	221
295	207	65	218	224	178	106	175	216	116	175	305	159	125	191	249	252	61	237	79	72	81	88	163	107	152	72	142
258	280	143	91	160	104	154	81	119	255	79	125	165	107	274	234	305	162	127	208	151	211	119	129	292	189	194
119	129	134	134	178	60	123	81	67	62	115	103	196	101	158	129	143	66	83	197	114	119	256	284	189	255	93	134
211	223	73	198	151	104	140	128	90	69	305	126	90	101	199	177	234	278	135	142	189	73	123	167	287	166	224
233	122	102	68	227	230	236	277	185	80	139	110	286	118	169	113	87	74	150	100	95	199	179	73	309	204	148
142	118	111	126	291	130	114	139	88	63	105	74	71	71	245	200	299	265	103	130	190	175	230	279	160	162	88
71	126	97	126	218	279	225	111	95	205	63	165	293	241	285	98	132	184	285	149	71	242	196	174	103	266	92	147
268	120	118	163	66	230	162	60	84	251	203	110	129	62	106	255	196	122	254	188	112	233	94	323	113	238	84
244	242	278	210	98	302	281	246	279	231	219	183	92	176	152	268	231	79	117	151	88	155	287	244	298	167	68
235	254	317	315	93	154	255	237	200	65	211	160	235	302	190	202	234	214	221	122	123	121	212	64	142	170	87
182	248	99	156	308	172	224	176	231	252	199	225	270	174	87	244	228	255	141	86	326	134	219	206	86	64	222
217	254	125	173	182	78	74	78	99	70	221	318	150	138	65	251	273	215	240	99	271	313	293	158	260	97	328	230
156	163	249	83	140	62	62	155	279	253	185	256	83	124	65	94	105	311	233	172	236	314	248	330	260	245	165
90	311	321	238	133	117	262	207	202	171	80	101	214	268	132	81	146	288	181	65	261	154	303	185	296	292	233
77	81	80	203	80	246	109	156	135	283	217	167	327	96	101	96	130	105	237	257	247	61	149	90	242	124	62	65
82	286	307	303	154	205	203	60	279	208	287	107	203	106	68	179	72	138	259	191	301	130	186	105	105	88	69
153	168	130	82	60	70	64	69	76	183	76	235	208	124	313	146	311	231	149	155	87	95	156	129	295	145	76	72	112
240	222	106	175	111	150	184	161	90	293	170	83	263	290	265	218	151	152	78	257	254	171	291	148	141	239	263
186	149	93	191	71	86	173	286	145	143	208	72	247	188	305	75	92	273	327	227	84	69	236	212	88	84	94	109	116
155	89	99	72	64	163	307	284	337	180	74	137	160	223	208	170	217	138	73	234	142	139	61	146	203	291	202	222
62	302	78	85	83	165	126	101	232	160	97	162	76	251	158	66	263	306	255	78	284	195	95	160	237	234	60	297
246	84	112	152	115	245	78	295	205	263	187	99	279	295	262	225	273	231	222	79	72	211	236	164	125	92	75	207
262	147	97	156	286	283	150	147	118	312	280	100	246	96	141	303	176	77	243	128	64	82	68	178	217	61	116	221
82	82	192	190	202	138	60	266	86	235	161	184	129	74	102	212	135	197	81	94	64	125	114	165	229	85	159	203
64	61	108	61	314	240	234	64	188	238	254	140	225	80	214	285	166	63	205	206	60	81	81	139	93	91	184	148	119
125	62	170	114	76	110	203	85	227	162	80	141	84	73	92	209	215	186	222	76	78	161	201	65	116	128	260	96	131
135	92	242	136	83	92	116	192	96	265	179	290	302	82	164	60	83	259	273	83	81	79	301	278	269	168	122	309
323	135	111	70	145	88	290	215	70	249	228	299	252	248	139	177	78	76	149	182	92	180	88	109	135	174	119	281
189	71	82	113	176	277	92	71	107	185	257	223	140	266	238	162	81	99	241	89	112	95	100	87	260	210	100	189
189	112	212	266	281	201	119	253	273	290	280	85	88	72	96	312	152	197	230	69	204	258	254	294	315	256	79
152	295	175	275	112	237	112	97	313	286	256	232	139	185	213	102	230	66	111	92	71	88	106	211	126	86	98	74
143	260	296	121	223	101	310	255	256	288	256	107	155	94	152	75	75	60	95	167	317	249	211	151	207	97	191
144	63	107	91	138	132	195	126	128	211	155	79	160	89	237	303	86	77	234	66	125	215	230	74	210	131	143	123
152	226	134	295	232	97	149	179	146	205	157	115	143	70	126	126	81	86	78	136	115	68	104	111	155	282	142
62	71	286	185	89	292	162	64	290	105	125	159	170	156	107	128	284	72	196	281	214	315	202	79	306	272	135
157	62	94	64	155	226	216	96	82	255	136	177	65	144	213	120	149	74	107	185	118	115	220	261	282	62	154	132
167	260	146	194	81	319	276	80	207	170	289	261	202	204	82	68	103	165	226	81	94	288	257	181	289	164	294
180	205	96	65	117	73	261	163	125	78	245	263	296	296	235	233	78	187	121	220	198	272	254	226	76	83	289	252
291	120	114	72	61	134	89	76	263	263	272	265	294	171	127	107	271	171	72	83	228	141	80	72	205	287	184	135
81	79	200	228	270	87	197	220	185	68	172	265	207	76	143	118	208	268	275	277	90	160	112	227	74	70	224	161
293	117	191	188	70	89	195	119	252	76	176	193	200	98	264	64	174	210	133	118	262	234	94	95	112	240	259	152
246	243	68	62	62	218	92	209	304	162	96	118	189	199	76	252	71	145	77	119	145	227	167	93	298	193	97	169
78	211	228	122	187	236	62	234	99	66	169	233	288	297	118	103	162	150	118	181	195	201	177	278	313	198	84
310	154	149	314	317	310	172	75	311	289	241	197	63	118	148	65	264	140	276	216	107	143	61	209	316	84	138
215	152	79	298	87	304	244	78	276	214	67	118	67	251	272	110	168	77	183	267	161	63	94	181	135	180	255	192
196	245	243	96	78	185	127	90	84	188	63	132	75	214	295	205	195	141	60	136	110	205	189	232	289	177	148	304
282	180	117	244	240	104	130	93	121	68	299	101	178	318	102	79	303	60	83	254	82	67	118	76	69	178	241	248
214	75	160	76	119	191	76	253	184	171	77	211	130	201	97	183	287	283	144	165	102	234	216	141	96	250	143
240	201	99	221	319	250	332	233	320	186	292	322	310	207	107	153	103	124	134	287	129	105	111	107	182	291
217	107	154	116	135	110	225	139	285	123	67	216	204	159	118	77	106	118	276	61	74	188	141	170	229	213	295
63	70	192	218	160	61	66	80	131	203	132	230	313	218	218	122	73	316	147	133	336	76	200	239	83	295	105	87
134	141	176	296	187	115	143	73	230	122	293	62	194	172	66	202	114	152	87	162	193	276	140	196	83	201	63
264	101	201	241	227	226	323	139	67	287	64	263	273	192	74	170	114	66	225	87	63	147	87	144	62	275	70	71
135	66	97	64	227	283	264	199	81	238	224	287	79	61	69	122	214	139	125	216	117	177	176	184	127	112	65	186
251	66	73	67	152	78	176	96	199	261	97	224	141	149	137	70	78	312	211	100	168	126	133	284	229	67	200	260
122	66	151	123	301	261	148	127	116	214	264	210	138	244	297	71	265	73	68	239	166	158	64	69	82	222	67	149
68	67	169	147	94	278	242	170	181	194	272	148	99	311	127	62	95	255	207	328	145	311	165	252	303	274	267
280	262	213	306	118	141	92	107	112	193	185	249	221	245	204	115	166	123	289	212	96	194	289	161	226	242
270	69	122	69	293	99	99	131	148	276	328	270	64	120	236	283	63	89	260	176	131	125	70	248	118	93	140	227
133	308	229	275	277	209	99	202	153	143	129	304	99	142	246	308	172	95	90	308	279	85	208	256	166	91	60	208
240	87	91	317	138	117	123	230	202	130	197	67	99	241	242	71	237	223	86	133	129	194	241	218	177	286	293
303	169	90	100	171	71	181	120	63	105	79	71	65	98	271	82	158	207	80	103	111	175	79	223	293	79	140	286	318
122	78	60	86	139	112	67	109	93	72	119	206	71	188	235	162	96	171	111	110	145	161	135	134	144	165	233	227
131	86	132	98	102	188	135	129	187	318	65	159	94	163	131	245	136	162	210	100	100	177	86	275	70	147	82	65
149	202	194	231	220	234	229	277	69	170	250	177	257	252	175	114	172	143	116	126	74	85	61	74	90	84	249	102
120	212	183	128	67	88	156	86	201	105	287	326	144	174	127	261	117	157	259	166	71	107	141	229	69	101	185
91	116	267	150	110	79	81	148	149	216	231	204	62	74	119	69	193	250	147	242	246	288	223	254	191	132	61	275
279	134	118	151	246	257	144	128	278	255	133	71	68	86	236	79	198	168	212	163	61	61	62	299	176	147	91	107
119	76	172	180	235	275	296	239	288	215	163	264	338	206	170	166	64	67	113	225	202	111	134	133	192	124	145
134	260	110	167	97	194	107	189	117	120	65	207	66	128	78	60	206	172	160	67	125	77	97	62	144	140	121	78
86	126	62	186	82	226	65	162	245	69	82	218	214	212	283	259	214	77	86	177	134	137	75	128	208	60	289	106
70	221	141	202	250	272	203	74	71	90	91	184	249	313	62	84	159	263	207	93	89	75	217	139	68	199	275	126	204
269	261	232	273	254	259	330	313	175	231	131	155	73	100	218	86	179	73	152	83	239	121	272	277	124	179	61
68	73	306	119	61	72	123	70	69	239	213	74	161	135	173	74	88	255	166	68	166	122	73	100	101	176	223	191	80
176	166	153	190	187	76	128	62	64	151	153	298	240	271	108	95	91	87	199	100	126	221	262	152	101	284	262
60	167	182	102	179	187	116	294	224	111	132	228	252	183	80	96	99	150	183	112	85	153	230	231	231	80	77	229
68	72	126	307	308	151	105	245	123	99	173	71	78	268	84	215	307	205	120	215	71	152	140	194	209	148	232	246
136	143	218	133	138	260	71	62	171	142	135	84	122	102	154	90	112	160	226	61	235	83	168	276	110	126	314
145	143	150	259	321	228	320	114	167	262	138	66	159	126	175	60	280	266	295	60	204	171	181	105	297	229	87
60	176	89	118	111	102	194	307	165	111	78	92	259	186	148	242	65	194	264	71	205	105	93	101	117	175	212	115
149	163	233	306	244	274	308	186	123	103	144	88	163	81	205	73	318	104	154	251	115	161	114	117	130	118	74
178	81	99	157	264	294	247	105	253	88	244	109	219	206	81	196	112	106	242	145	130	140	195	117	81	142	95
113	73	63	81	136	95	124	164	106	67	61	144	237	200	62	304	220	169	207	146	246	202	110	254	240	274	73	311
105	92	86	158	276	186	110	190	152	86	111	231	204	75	91	171	112	155	64	150	183	61	69	177	87	172	61	137
278	243	286	199	82	307	325	119	171	68	268	173	66	131	179	187	279	92	60	177	85	218	200	92	94	249	262	160
68	211	90	314	350	179	267	218	135	159	168	145	139	158	261	121	103	232	203	244	253	307	172	97	251	293	83
203	79	102	290	262	169	171	77	123	144	257	80	214	195	64	197	64	104	246	228	173	95	196	62	64	76	118	155
276	62	92	193	283	288	218	267	219	271	147	143	211	94	127	152	74	67	79	81	199	295	217	223	274	105	91	237
308	95	92	118	71	130	80	205	272	205	80	135	100	263	203	256	117	283	182	286	252	63	171	311	213	89	321	98
287	225	281	199	135	71	97	64	192	67	65	65	181	68	64	86	91	205	69	256	211	71	117	128	238	70	68	248	70	168
62	149	77	89	195	74	222	101	68	229	305	275	156	162	203	293	76	72	76	171	182	315	153	282	185	159	319	73
293	212	247	62	133	121	224	164	87	69	77	98	109	198	78	193	71	64	151	100	128	238	64	238	187	82	298	106
141	176	103	296	171	156	286	224	224	190	210	237	247	172	104	104	72	157	126	154	215	141	118	116	74	122
119	212	78	216	66	85	61	67	240	97	288	72	172	97	262	191	129	149	175	226	281	79	153	278	64	119	79	145	118
154	138	99	243	226	111	148	226	82	66	132	237	63	103	166	203	279	87	153	86	266	136	111	244	220	250	269
162	274	163	66	183	114	161	221	106	313	302	199	100	75	137	127	166	289	258	173	61	277	96	313	70	77	306
132	207	230	129	172	171	230	92	256	255	188	238	180	106	197	187	146	105	296	173	103	191	128	195	261	140
95	109	79	156	238	78	203	249	95	207	60	70	70	201	266	167	148	100	112	145	96	65	60	65	96	83	283	95	79	203
163	116	80	83	158	79	194	170	94	64	210	177	169	96	300	240	125	130	246	244	115	69	61	213	93	124	88	169
223	195	121	68	287	285	305	142	239	220	307	78	138	264	72	105	88	218	70	186	67	142	122	245	284	248	185
198	104	113	151	281	171	156	73	99	150	156	101	194	300	68	124	84	222	205	63	127	157	76	151	76	151	166	119
130	113	305	82	220	295	290	69	179	222	94	147	251	105	135	155	312	126	307	103	133	65	187	94	155	285	303
112	74	61	70	108	188	254	198	206	268	267	190	74	125	77	170	241	219	309	60	60	187	98	69	221	208	114	173
61	178	78	261	149	84	82	162	84	70	92	92	222	78	212	202	77	62	218	96	219	223	174	281	203	174	99	282	94
74	66	94	230	63	71	76	248	201	73	146	117	63	252	332	109	166	237	225	279	231	75	135	108	75	286	78	176	165
216	236	232	163	99	199	80	92	160	134	107	167	143	136	198	65	178	62	180	243	65	162	234	117	107	194	299
194	211	94	92	185	113	191	65	205	142	179	123	303	131	278	155	203	101	257	188	165	237	121	71	219	132	280
145	132	148	107	255	205	184	98	293	177	230	70	101	291	107	129	288	210	199	83	250	229	179	201	245	74	202
290	96	197	335	63	82	187	188	157	314	108	148	60	155	80	268	161	64	289	175	197	227	160	312	142	165	163
271	251	264	137	86	101	205	198	80	205	88	151	309	96	119	318	176	217	217	76	250	182	192	146	78	89	191	180
64	256	200	148	278	67	112	63	63	91	65	214	64	176	258	291	147	142	274	269	299	303	91	171	285	302	215	193
164	242	275	126	134	193	140	75	74	167	155	113	143	132	227	61	311	285	88	192	88	239	92	300	217	66	154	189
115	239	179	306	98	162	147	138	170	62	69	134	173	93	115	219	87	119	98	135	88	220	164	143	79	266	269	194
282	229	71	225	73	111	121	278	298	285	272	70	206	72	68	62	154	285	101	209	260	209	158	310	208	205	257
295	210	203	290	66	100	244	160	121	314	285	239	245	95	203	272	219	206	149	141	256	315	180	182	79	297	76
202	273	230	123	97	85	170	279	127	122	204	141	65	336	219	189	187	224	132	72	73	347	112	256	61	285	303
232	280	243	69	207	64	125	131	99	167	287	79	79	141	87	211	163	72	199	146	132	194	76	84	142	124	89	181
311	149	67	64	107	126	176	130	106	287	79	139	62	177	113	154	280	134	185	61	183	188	240	232	115	209	75
226	104	62	266	134	106	222	100	69	198	319	82	90	298	130	264	203	127	101	148	294	187	77	144	213	120	167
162	112	103	105	73	60	269	77	60	116	66	99	103	223	249	67	279	198	81	135	141	127	248	117	67	267	64	76	268
73	116	265	254	216	120	300	70	253	218	67	96	211	292	283	114	91	227	302	115	182	113	280	92	105	61	215	351
66	147	160	95	180	96	147	102	152	100	256	119	151	76	276	213	83	199	273	125	194	229	126	105	219	272	282
62	92	294	157	244	130	83	99	225	130	121	71	124	158	108	78	158	60	265	107	79	198	302	119	173	119	87	182
271	305	299	193	86	120	253	90	183	259	151	227	213	103	67	92	225	311	99	129	291	143	82	271	101	267	230
147	278	131	149	68	83	152	67	76	65	266	228	235	121	133	207	222	172	122	239	265	291	285	121	131	137	116
93	199	130	248	114	242	128	158	207	85	91	201	272	128	171	103	145	78	231	187	92	203	82	104	201	300	222
199	329	162	135	246	163	261	146	266	171	189	168	221	265	217	119	92	80	122	78	76	78	110	111	128	158	198
136	85	162	199	105	254	325	98	220	86	230	74	179	104	140	61	65	113	243	88	72	96	116	109	231	72	186	78	84
230	80	122	87	308	80	102	205	188	194	65	215	215	144	289	63	125	201	167	91	136	74	225	218	65	119	180	119
139	87	155	142	213	71	98	147	77	100	259	115	137	82	88	103	142	219	74	86	154	288	102	116	225	258	199	142
94	113	76	201	179	264	72	153	82	71	304	148	67	97	69	66	63	89	162	85	77	166	111	244	247	105	135	293	154
80	291	65	66	167	125	154	261	166	125	207	99	134	271	73	319	211	237	73	96	137	86	69	111	200	66	213	118
181	222	299	176	201	264	77	63	301	78	72	202	237	271	106	103	175	294	139	87	95	73	85	235	183	92	145	113
109	140	178	254	232	74	117	71	151	62	127	197	258	87	120	290	114	61	78	208	291	166	239	179	131	85	103	75
122	181	78	343	191	199	104	91	95	92	95	81	80	139	81	146	299	173	87	71	77	123	68	63	74	209	71	159	216	307
163	295	124	84	315	223	65	93	124	169	279	160	97	265	201	179	86	298	108	60	301	154	298	228	214	92	321	273
265	83	142	189	96	306	145	96	176	123	153	133	66	146	80	225	108	126	183	219	188	86	160	65	75	168	97	144
78	109	228	131	244	88	70	204	137	106	166	109	188	136	304	122	123	223	104	71	181	253	264	179	117	156	64
249	163	68	152	208	97	263	200	203	291	292	293	66	135	166	66	267	194	78	84	72	131	83	131	90	220	64	163
144	120	89	173	108	90	139	71	136	65	87	82	188	117	312	266	258	134	135	278	251	91	118	286	302	144	149	101
105	149	119	230	306	112	148	210	97	134	106	154	252	138	100	173	70	297	249	109	167	86	109	131	66	101	104
195	282	85	281	200	133	74	180	70	62	221	98	290	139	139	232	66	66	291	220	124	70	63	204	60	261	142	65	187
200	139	107	62	172	120	188	165	91	79	97	214	251	124	119	170	109	93	223	220	151	306	229	108	284	89	98	160
100	203	185	126	223	76	210	204	182	257	182	301	240	89	244	60	124	102	109	157	113	89	127	198	116	150	85
78	227	94	142	240	180	142	77	124	102	60	87	318	67	212	144	194	93	65	158	174	88	158	85	285	236	80	122	235
295	176	237	171	120	182	307	95	291	152	92	218	268	105	133	224	88	86	104	64	169	151	105	177	245	275	77
309	94	247	193	245	177	246	158	146	74	74	167	224	246	315	74	296	79	237	142	166	304	108	134	74	243	289
256	260	251	115	69	279	249	221	190	232	85	114	177	94	120	163	165	104	94	131	230	143	135	101	80	90	200
162	64	85	131	96	94	147	98	108	226	121	228	267	191	69	217	234	63	118	138	205	202	235	153	132	75	120	85
102	144	122	254	77	131	65	137	75	181	231	193	66	146	97	301	177	94	291	235	292	303	264	240	75	62	177	89
253	247	101	131	202	80	86	85	77	109	302	190	79	166	236	81	197	276	239	258	207	136	89	81	231	122	64	160
301	324	216	303	213	136	125	143	220	227	304	107	74	82	119	166	163	90	221	89	239	136	98	116	158	303	104
112	145	164	280	215	265	313	94	84	197	281	294	82	143	122	288	262	263	299	75	61	62	80	194	332	179	150	273
111	89	112	268	188	305	82	168	232	74	111	69	104	83	248	251	142	90	139	97	118	164	97	107	79	107	190	137
140	183	63	201	253	173	68	151	139	134	102	202	269	66	199	64	255	146	124	255	157	140	166	119	138	79	111
139	121	213	201	178	238	137	101	180	213	279	120	133	182	71	61	165	298	304	120	73	278	110	99	197	76	72
236	229	65	272	225	321	257	255	226	85	176	75	119	71	166	251	145	107	119	114	176	60	64	72	166	91	189	114
71	102	182	217	112	156	221	269	277	61	117	127	282	236	136	207	100	155	119	155	185	259	218	103	223	299
259	156	119	114	146	291	258	170	310	260	200	238	105	106	126	78	107	73	87	313	93	96	80	111	65	183	253	250
319	290	241	195	274	117	142	211	60	126	297	179	74	71	192	307	152	90	144	151	94	267	267	73	197	71	181	99
71	242	154	185	121	113	302	155	143	188	207	193	206	307	274	127	139	163	120	161	216	200	108	171	168	175
79	116	88	120	180	73	250	233	278	138	80	148	151	84	212	124	304	76	113	210	173	283	291	268	97	275	118	273
71	143	94	181	121	117	178	288	105	61	316	148	261	245	242	61	124	79	194	138	211	145	289	81	100	210	99	162
268	275	290	253	135	125	96	202	135	83	233	232	112	149	110	302	85	72	188	83	64	104	162	98	81	209	63	212
131	271	88	218	137	154	132	71	240	95	124	157	130	82	85	60	297	113	88	83	122	143	300	223	87	194	351	104
112	329	139	102	66	206	216	100	218	163	75	299	256	170	244	145	81	158	70	215	306	276	302	204	68	236	75
126	189	118	191	223	265	244	103	155	217	126	94	95	142	60	237	273	94	98	212	122	160	211	241	191	317	101
168	312	162	140	113	139	73	64	290	255	98	152	92	126	124	94	232	256	188	283	251	177	135	97	291	187	301
254	141	120	143	177	128	66	292	131	67	219	132	141	163	138	89	147	76	263	245	230	268	63	190	76	174	159
276	173	142	254	322	139	142	132	92	161	98	154	296	144	100	84	245	155	133	131	63	142	94	117	130	124	116
267	158	80	79	204	207	104	204	79	117	114	223	284	81	119	77	130	125	88	122	285	298	228	164	222	266	289
81	182	190	111	111	180	77	183	108	199	89	79	174	155	161	64	178	83	112	100	130	151	122	175	111	133	125
265	191	69	152	75	116	290	204	64	161	148	204	191	177	246	78	271	210	260	268	260	142	66	145	166	261	207
106	169	229	70	286	60	172	246	292	83	128	278	229	69	163	62	64	114	152	293	135	83	151	128	81	74	112	64
159	232	292	246	70	181	141	70	214	148	116	201	220	150	124	291	297	155	146	235	244	86	245	181	230	163	151
256	206	63	219	66	253	299	110	92	89	146	113	188	241	304	276	302	222	172	61	153	66	109	117	175	225	69	172
146	140	68	226	233	183	232	169	170	63	254	172	93	95	230	94	192	286	131	89	158	73	62	279	219	136	60	296
299	265	178	174	274	184	137	182	164	111	230	180	65	180	92	146	116	299	249	166	70	214	165	62	141	239	75
220	313	176	93	206	222	231	270	217	91	90	70	131	276	186	120	167	176	79	234	62	99	319	103	156	97	85	136
210	254	123	152	66	152	222	72	220	67	65	211	208	180	242	70	118	218	153	241	184	87	202	131	80	202	123	224
220	96	147	252	79	115	87	280	228	80	116	137	121	95	121	86	244	91	113	292	157	325	213	72	306	124	67	222
220	241	93	136	67	95	160	118	195	234	205	141	108	83	198	60	152	177	304	206	107	278	83	120	168
