	1063	1021	1057	1030	979	1088	1081	950	1058	1068	979	932	881	1080	961	912	971	986	885	972	884	967	952
934	884	1023	1017	1062	1064	959	1016	978	971	1032	970	920	1027	939	994	1009	1085	955	892	1008	972	954
974	997	938	1066	1017	1015	1025	980	977	944	901	920	968	928	913	899	896	957	990	882	897	966	957	911	900
857	933	970	995	900	900	983	847	947	1015	958	906	895	901	932	914	969	1002	839	901	903	989	948	883	943
996	902	1018	944	869	920	976	918	944	977	960	988	947	1015	939	942	978	921	1030	1035	902	1055	931	976	937
867	964	425	944	1439	1167	958	904	558	938	1576	1086	903	937	922	923	963	1033	934	949	866	920	913	929	926
888	896	902	1008	929	892	926	1126	979	1056	838	787	1412	1039	1050	1392	1008	1136	1058	1085	1177	926	938
734	1094	979	1074	626	1063	426	693	1043	957	1206	1101	930	1027	917	856	1111	1042	1118	985	1072	887	1020
956	756	1022	1347	1150	1780	972	1001	1103	1018	787	1046	963	999	1074	1601	967	1055	996	963	924	1022	930
928	905	978	963	948	953	976	970	1029	1243	1085	946	1036	967	1069	942	1085	945	969	952	1042	993	912	1030
1081	1264	1032	955	992	251	966	1079	990	968	1057	960	966	943	1030	941	892	911	974	929	932	948	306	916
956	839	950	925	968	862	882	907	828	964	990	923	914	931	939	864	972	953	883	875	901	918	925	948	988	885
908	936	785	998	863	880	1003	910	942	958	873	894	1016	782	942	926	911	954	955	982	1006	927	964	1039	965
956	992	977	877	912	953	948	953	960	944	945	872	980	937	991	1170	920	960	937	936	970	1029	956	976	1023
954	975	928	917	908	739	928	954	978	897	931	798	951	978	966	960	979	970	873	1067	1140	1047	971	979	1124
1077	966	994	984	970	953	957	954	961	957	877	947	986	1053	957	1039	919	951	912	977	997	957	1033	861	1017
977	1008	1050	888	934	976	974	909	1014	967	873	845	958	981	1047	937	896	946	976	863	973	985	870	941	946
978	974	962	986	934	927	1048	902	903	942	975	959	951	964	952	925	959	915	989	972	989	975	984	1055	947
956	938	983	949	940	960	866	979	1002	1030	992	972	1024	963	857	878	923	925	953	1035	859	889	939	941	927
942	864	872	885	993	913	822	957	939	851	953	857	934	926	876	886	909	998	948	900	909	934	903	987	845	836
849	985	868	868	945	849	875	955	910	822	956	849	866	919	919	872	932	927	1064	906	932	1220	964	903	893
928	908	934	971	936	968	950	977	949	979	879	958	886	920	889	961	868	932	1044	962	488	903	869	868	1010
943	955	965	888	893	902	907	668	870	942	996	869	806	943	922	955	978	990	985	967	971	923	1138	1024	874
1060	955	952	981	986	964	981	951	979	892	911	903	896	915	930	952	1144	934	978	941	992	883	882	880	937
964	963	898	906	913	882	955	993	892	972	930	942	919	945	900	935	934	957	868	938	901	903	933	922	901	874
860	943	926	991	856	933	829	899	883	924	877	907	851	942	933	937	921	980	905	747	841	871	867	839	924	976
963	852	846	900	896	960	817	959	898	923	897	927	942	993	865	874	926	935	928	946	869	868	884	913	767	929
948	878	967	854	612	876	949	885	879	879	900	915	901	937	953	992	1087	863	845	877	896	784	1094	846	943
693	275	878	885	903	926	461	846	860	843	968	908	1029	689	923	1035	982	954	604	740	902	890	1131	941	962
847	982	883	981	942	766	737	922	889	989	896	967	872	976	946	964	955	947	862	966	872	922	881	958	967	949
890	903	856	523	979	979	390	974	851	979	1049	1020	815	1030	983	978	1028	963	1032	982	918	1044	922	991
968	1015	1019	1040	1003	872	905	1086	588	1035	906	921	943	1035	1034	1042	1037	938	876	994	967	1026	927
962	1066	1021	907	868	877	1000	1038	1092	934	957	1284	1105	1025	1080	997	1015	1010	598	1080	1081	1051
1034	1001	1047	987	1028	1106	944	1085	1067	344	1013	1022	957	1155	1016	996	1033	1110	1034	1061	929	896
1033	1138	1055	1044	690	1060	947	1073	705	279	1049	1266	906	1093	424	1153	1026	971	1066	1042	923	320	389
1209	1098	805	1019	1041	956	1118	597	1108	1046	263	1133	804	1044	1140	693	1097	1102	927	1100	1054	860
1058	1049	1569	1239	1066	965	1079	1093	1150	1054	1053	1046	986	774	928	943	912	1020	881	1081	1079	1067
1078	1062	1012	1035	1094	1052	1079	1016	904	945	920	1065	1208	878	1068	1060	1101	1041	975	948	1134	1067
1039	1040	1098	1037	1009	1015	921	1447	972	1550	1089	1075	988	1103	928	654	1027	1092	1025	1116	1071	1550
1020	920	1113	1091	1066	1031	956	1012	1048	1115	954	1047	1001	926	984	1112	1104	1042	1458	862	1033	1005
973	935	1133	1080	1114	1003	1029	1052	981	961	1148	955	968	973	1076	1035	1005	1061	1021	978	921	1047	1113
1105	835	1055	1031	1016	802	1058	978	1291	1040	996	851	1027	888	1033	1054	997	973	999	476	956	1043	1058
903	916	1639	989	1031	743	1038	1034	908	1049	1041	1020	975	956	920	991	1074	944	1134	734	1079	686	1036
1010	1103	1037	823	1099	1045	1030	992	1043	1470	1508	1074	670	698	1082	1421	1089	1089	972	1072	1198	1000
1049	1138	909	1003	910	872	1067	639	811	1080	1062	1027	1032	1033	678	1005	999	1013	985	1087	1054	1053
1091	1105	1084	1145	1018	1084	1059	431	1018	938	1045	1032	610	1027	1018	1071	1073	1052	1004	1097	1041
1062	1108	843	988	1090	1103	1061	1451	1016	1027	1092	1105	952	1042	1050	1084	747	1053	885	386	1013	1006
975	1070	1101	1022	847	974	973	1031	321	1239	999	901	1025	1096	1101	1089	1163	965	968	1097	1060	1091	1031
1039	1027	914	1257	1101	1095	815	1086	984	1015	1045	954	734	1205	1071	990	1002	1023	983	611	1041	926	1078
1072	1048	941	1036	1095	1015	1050	994	1076	1376	958	989	1061	997	1059	1075	999	1023	1019	979	1074	978
929	1001	885	989	1056	1059	1005	1045	1064	1046	969	1017	1015	1019	1046	1052	1048	1020	1070	1040	992	1058
1060	1079	1008	1045	926	969	998	1009	1053	1011	1203	711	1058	970	972	1034	1024	697	1086	910	884	978	1006
1049	1026	943	990	1040	1043	1032	974	1022	1039	1016	1132	866	1073	916	1058	566	1019	990	1067	1077	1079
1013	1022	988	1017	950	742	1008	1094	984	1099	1015	1039	1473	899	969	1014	1043	1082	1064	1113	991	938
1056	1069	307	1004	1102	941	1087	1004	884	1058	1081	679	1071	1044	332	1487	1039	1017	1099	1098	1100	1042
1029	620	954	1074	1119	884	1015	1035	994	1077	1100	1093	961	1120	1070	1130	1015	1054	901	1015	1020	1106
1091	1046	1087	1083	1105	1003	1031	999	1050	1089	1071	1124	963	992	1082	1101	998	1002	1395	1103	1003	1024
1002	1419	1105	964	1058	1203	723	1146	1082	1120	1091	1060	1004	1034	1077	1121	1078	738	1131	1014	996	1015
509	1008	383	1066	954	1091	1015	1085	1077	1108	905	972	1092	1141	805	711	406	1092	883	1043	1078	1092	1102
964	1020	1009	899	982	973	844	975	963	1023	956	963	957	1001	943	1005	940	1048	982	975	1002	970	1008	978
992	1004	1103	892	956	766	1020	1074	995	991	1002	1000	906	1031	965	954	988	1070	989	969	1001	945	965	1044
1017	1009	1025	960	979	991	985	971	1022	1023	1008	959	991	1029	1046	1001	880	956	973	996	919	1020	1055
1029	1049	1019	731	781	958	1107	1010	990	993	1388	1036	679	1039	1004	1042	1047	996	967	1017	1073	922	1049
1050	854	602	1017	1068	1048	1088	880	630	964	940	597	1012	1036	1039	1032	1019	997	1054	1076	1036	982	1336
1014	1392	1005	1032	931	1049	1056	1082	1058	960	873	1010	1071	1076	1053	1000	1030	1055	1049	964	1051	878
1022	885	1033	1011	1101	1052	970	1069	1021	1036	1055	1042	1031	1034	1107	1011	1066	1014	822	951	1034	892
1073	614	989	1050	1041	618	1029	925	984	985	794	1028	1039	1042	1050	798	1024	1290	1052	966	1179	946	977
972	801	1049	1029	1027	1001	1064	1552	819	1048	1094	994	1045	1004	1067	958	1060	1011	899	1022	974	906
920	941	1008	845	898	669	1118	913	922	1747	875	1143	466	904	923	912	986	1100	875	875	948	935	1061	995
905	895	968	875	1029	1035	940	884	373	1021	1367	906	1218	1050	875	924	1051	895	861	919	872	925	966	966
988	913	906	913	942	932	947	916	943	939	777	972	891	953	903	916	1008	868	915	963	956	951	1016	1010	991
999	890	916	892	854	1027	974	732	930	1016	895	719	989	908	1029	977	962	1004	926	904	947	954	921	1034	945
1186	945	870	1000	1171	1248	963	1091	935	914	955	980	946	864	917	927	999	1034	907	976	917	926	955	1047
973	1044	851	966	897	929	971	942	920	977	982	924	869	917	954	965	1000	910	916	959	732	983	1185	918	904
925	925	968	901	901	900	963	954	964	909	900	958	934	945	904	880	918	922	923	926	993	1001	961	951	986	916
1154	857	921	914	935	843	984	974	953	872	921	935	912	1019	1033	971	835	1060	944	931	928	974	888	940	971
929	902	881	852	961	904	915	916	924	871	951	956	911	861	896	911	881	845	839	973	234	923	944	913	927	767
1170	877	891	793	852	956	937	902	909	921	881	842	594	926	896	939	897	822	864	931	909	865	928	950	966	855
865	879	930	907	1029	753	863	832	870	937	909	887	885	687	858	874	870	955	938	909	967	941	358	957	900	859
857	873	881	929	872	939	907	959	868	893	786	903	965	1071	856	878	670	949	942	969	944	1326	914	866	555
877	1038	908	958	1012	879	869	979	958	930	953	880	878	887	917	899	887	878	1005	890	714	972	1027	1003	899
871	979	879	847	837	984	910	894	882	886	896	984	932	920	885	867	836	953	1013	999	952	916	959	875	650	879
920	881	969	987	905	876	885	894	1003	979	967	878	894	796	888	871	883	964	978	923	982	838	978	878	915	893
840	846	924	993	982	951	886	679	882	1481	1007	983	441	827	877	964	959	926	980	954	971	842	888	885	885
420	947	954	917	884	877	851	974	919	878	858	896	794	874	901	862	948	932	963	948	971	677	869	819	880	867
878	265	959	937	877	876	862	862	931	285	958	887	301	866	933	953	960	951	1005	912	884	691	958	942	948	736
887	894	942	917	932	875	933	848	864	880	877	965	779	922	838	942	948	902	922	899	867	928	882	879	943	971
948	831	891	842	874	973	920	791	907	885	849	961	912	927	858	894	934	945	952	905	886	901	916	810	932	958
890	886	913	980	949	991	970	959	979	899	937	924	916	903	919	919	972	969	985	822	870	958	914	929	891	919
977	984	851	923	931	982	1035	923	929	1031	769	909	894	924	976	966	994	920	998	925	973	994	991	929	936
947	988	948	1001	956	1018	968	955	901	940	899	978	917	996	965	945	973	980	975	930	881	928	976	985	958
945	941	891	871	963	966	943	957	906	880	898	928	923	902	975	963	941	924	919	890	965	972	896	936	909	877
1046	970	940	963	972	957	958	912	886	911	831	899	960	981	1026	978	430	947	900	1089	883	927	959	952	933
891	887	857	1009	970	966	1002	900	904	912	891	880	898	896	938	872	787	889	914	936	927	853	902	928	1016
891	875	889	938	933	1025	860	871	917	886	895	889	951	963	914	929	924	932	957	901	879	809	911	968	954	871
903	902	905	921	730	862	885	900	645	889	878	943	950	962	913	897	918	861	938	976	895	431	940	940	802	917
961	726	771	942	656	898	914	868	922	899	961	923	941	939	982	875	958	973	923	894	968	960	1011	754	988	906
788	968	734	911	925	909	913	930	930	961	967	987	950	908	942	958	970	983	974	971	935	939	927	976	978	969
985	958	946	917	936	928	928	923	900	965	973	972	961	973	933	922	909	885	945	949	949	919	896	907	934	955
993	891	911	338	959	834	955	896	959	959	944	921	919	907	877	951	874	1692	906	840	971	996	936	921	966	931
928	920	946	875	846	895	961	923	982	965	981	904	880	860	909	954	967	963	902	776	914	962	978	961	887	929
928	799	773	883	878	792	817	837	823	835	994	846	849	868	820	966	931	949	896	974	930	870	912	911	410	903
908	831	903	936	952	796	921	925	879	966	907	814	862	966	878	858	906	821	819	953	888	826	913	846	844	852
837	865	877	872	801	842	841	865	809	879	991	852	719	932	959	810	878	996	891	1176	863	677	845	844	1106
1009	816	910	953	990	874	865	985	648	796	843	833	966	1057	858	891	1049	891	876	807	840	825	917	1339	829
994	851	887	948	820	834	958	953	910	841	954	982	863	895	1037	925	957	903	921	611	961	959	886	678	897	937
888	865	893	944	973	892	844	824	917	904	992	1423	876	904	891	824	1240	986	890	937	916	881	849	898	879
822	976	932	792	889	867	816	804	976	903	843	881	841	966	971	1058	912	897	898	833	971	873	925	861	866	893
946	888	898	905	804	867	896	889	847	868	911	992	886	883	983	899	906	981	973	912	909	863	435	897	824	756
785	840	823	810	820	859	887	823	833	1058	814	969	866	925	878	872	862	900	848	911	841	826	831	818	859	831
949	938	857	798	881	856	849	844	891	892	955	841	816	898	947	835	894	880	213	608	473	841	1375	870	860	874
832	816	836	876	946	893	838	834	842	868	853	839	773	875	891	985	919	820	861	841	842	926	870	854	885	881
851	1247	906	840	837	836	877	882	862	842	846	835	938	891	878	723	830	839	853	873	788	886	994	1003	817
871	932	902	870	860	781	829	855	845	881	941	843	878	931	959	984	959	870	842	888	939	892	785	784	922	1090
909	894	927	1565	866	1038	840	871	793	913	858	867	856	901	818	812	868	815	869	863	877	942	873	945	825
843	865	803	865	773	900	856	858	859	886	829	877	978	795	944	851	861	894	909	866	917	858	886	915	913	894
980	850	875	951	893	920	991	858	872	925	1005	911	925	930	869	881	813	860	763	863	927	819	832	890	788	876
867	973	837	839	934	869	909	893	883	301	870	849	880	816	786	888	801	765	947	901	787	918	814	888	786	859
965	803	906	971	788	863	695	711	834	865	864	849	838	763	787	546	791	850	905	870	842	663	827	805	800	865
779	792	771	822	918	995	869	869	868	866	798	761	795	777	787	782	893	866	922	855	998	884	789	877	925	865
882	1375	783	735	775	796	842	878	783	627	801	774	738	799	802	891	873	872	933	780	854	902	895	972	818	825
822	896	869	469	884	943	896	789	780	1016	831	844	805	766	927	849	834	855	805	805	755	767	863	945	847	792
865	787	910	980	886	983	981	804	919	850	853	890	816	887	809	893	830	748	819	894	783	912	858	831	832	983
976	884	862	932	881	918	841	775	809	821	769	862	950	1013	952	904	723	788	816	801	833	855	883	955	975	799
802	902	802	915	957	714	850	815	809	798	837	908	848	877	865	830	808	969	1000	870	890	934	809	1011	806
869	856	890	990	1105	750	806	789	829	928	785	986	888	883	868	858	926	884	815	795	836	869	850	725	806	786
947	829	890	966	914	779	808	818	813	836	873	883	992	836	839	927	880	914	871	793	607	826	842	819	850	863
861	786	936	806	805	825	828	899	616	801	857	1025	882	822	872	878	934	833	830	799	847	869	804	801	835	838
863	868	792	825	824	848	878	869	875	912	845	835	878	934	850	880	856	861	916	823	820	906	875	845	858	952
881	862	843	809	842	887	836	827	877	881	921	937	898	867	873	893	839	882	889	928	830	855	882	992	873	1022
918	843	955	870	991	877	873	894	838	835	915	842	860	875	754	872	967	836	819	900	928	899	906	893	853	911
889	858	877	848	828	865	947	994	977	860	875	941	996	813	905	912	954	911	785	884	669	869	922	865	848	917
830	882	861	837	996	893	906	936	855	869	962	902	865	922	858	831	886	912	985	869	881	848	848	873	928	835
856	813	849	912	871	937	895	900	913	851	859	849	924	887	863	834	854	824	797	952	902	863	853	860	820	893
1000	908	680	1158	1174	873	968	973	926	889	905	1044	967	956	902	884	922	907	931	903	923	972	890	933	948
718	980	898	860	906	987	874	960	626	914	918	1216	875	890	431	987	981	928	866	1032	886	988	999	992	1001
821	1040	883	869	1030	1027	974	994	947	918	956	967	981	1068	898	979	913	1005	1343	1066	758	1007	1200	1008
979	982	811	942	962	944	951	849	919	997	1034	910	883	965	944	1094	1113	919	937	990	1002	884	927	1012	615
1492	1035	1361	1067	964	618	1003	946	959	930	976	942	1011	959	941	959	923	886	1075	1039	996	1084	914	982
1001	1039	969	1020	1005	1009	958	1073	875	942	1030	952	1067	1028	997	915	966	941	963	900	941	1618	981
913	1008	1084	764	1068	961	976	1064	1057	997	1093	961	993	997	975	1098	1040	911	1002	964	959	1034	1177
1111	1105	769	933	1031	961	993	925	952	892	848	960	947	1024	950	907	910	915	903	886	993	888	994	933	964
951	1068	1118	1036	967	661	878	878	900	950	944	934	873	853	484	1058	960	678	936	884	892	925	964	983	938
818	879	953	897	863	852	683	1068	872	969	966	956	975	883	949	968	903	904	1038	963	788	972	859	957	1199
960	901	952	898	992	913	1065	682	923	1071	974	861	903	737	987	978	972	1011	1048	895	943	951	969	989	1001
993	1001	940	920	906	928	901	689	868	982	834	1019	1016	991	1036	916	944	1011	995	1022	1021	917	939	1014
1012	932	1010	934	857	952	928	875	960	962	972	889	1032	1024	940	946	958	1014	1028	1014	953	967	932	902
1003	1122	1030	982	985	1035	971	1027	974	974	935	978	894	942	962	1032	963	1031	977	1015	849	1009	958	949
955	879	1018	1017	993	937	1058	925	978	904	942	998	1006	1079	989	993	918	976	1019	913	899	950	931	1006
1039	1039	1009	970	1004	876	982	967	960	890	923	854	1022	1028	807	994	963	1073	669	940	927	949	991	1014
1077	927	942	1065	1068	973	1022	954	962	987	886	838	1315	1014	914	963	898	850	880	977	965	968	884	912
857	978	949	1003	1063	987	1051	961	943	937	746	915	875	871	974	925	1016	952	971	922	893	932	842	968	1073
945	948	948	855	1037	1037	970	965	966	832	858	1063	895	855	957	999	1073	870	911	904	796	990	970	881	912
894	974	946	997	1492	1040	990	889	917	863	955	1167	904	972	1036	1012	977	1021	924	893	918	1079	862	1014
1004	1193	942	937	947	920	923	1174	991	1023	651	859	893	956	1008	1023	1045	1051	944	989	1036	1031	978
937	965	1010	866	970	909	911	1059	973	928	996	901	925	943	991	978	1037	1097	1081	1028	981	1015	952	936
936	1018	1062	912	1353	998	863	1060	966	314	954	1027	1033	999	957	873	990	892	1067	1080	987	1087	992	859
584	976	1087	743	949	955	1147	908	1633	971	989	1140	1034	844	894	977	946	959	966	1692	968	1021	1115	866
1062	1149	983	896	1076	1004	1046	1047	1059	985	990	1035	1026	977	942	986	1087	882	919	854	920	999	999
850	388	923	1061	1009	1020	1018	918	974	870	1029	1244	1041	998	1060	914	938	1021	945	867	734	867	875	1048
982	1055	993	901	917	1146	950	847	1036	948	910	970	949	801	1044	945	924	951	896	849	422	889	908	927	935
967	853	877	909	927	934	667	976	967	715	716	896	947	937	823	972	942	968	862	820	865	715	892	926	807	726
945	959	963	971	984	940	917	922	955	946	837	901	880	938	938	970	848	896	915	1020	947	834	983	842	962	989
988	947	999	939	916	969	965	880	999	942	967	985	985	987	922	961	920	995	990	938	867	948	945	971	963	902
998	906	933	932	1028	939	965	970	933	937	937	960	1001	1010	905	1032	946	921	937	945	1015	912	968	1080
920	917	959	968	1333	938	919	948	998	997	988	966	915	977	961	949	925	623	978	983	811	1029	933	939	964
941	1000	958	872	1017	898	989	994	1008	869	947	976	987	966	1009	949	940	973	921	925	909	947	957	1003	947
944	671	955	976	991	1007	977	947	988	1008	963	952	985	983	874	978	913	890	895	935	777	971	1185	954	989
957	863	932	968	956	1001	986	918	969	1661	890	951	988	953	884	934	895	909	859	911	1032	935	981	984	923
478	971	932	963	964	925	983	1081	933	930	947	883	1067	726	926	915	948	933	963	941	867	914	946	918	960
991	925	852	999	836	880	949	921	932	951	952	863	992	956	958	839	935	951	911	934	1094	1150	1040	1050	1061
566	1131	926	1031	951	993	1045	951	951	987	966	983	1023	929	951	970	952	974	995	1011	967	894	963	969	969
1045	962	983	963	966	912	902	640	958	894	892	947	950	970	977	984	977	969	214	1054	928	999	975	1017	979
991	986	868	941	999	855	956	939	999	1005	957	939	1037	837	1046	997	961	826	1079	1046	992	965	1310	771
1076	886	855	989	974	1020	928	274	1072	1045	1023	1030	1003	1097	926	1249	1007	1017	1114	932	973	660	972
979	934	757	912	963	974	1085	1090	985	1006	1061	965	1015	976	930	862	974	920	974	1008	992	891	993	903
958	957	1062	949	983	946	275	1025	976	1003	1067	1008	895	1143	980	930	967	1005	974	972	989	913	967	933
934	907	926	951	955	920	940	918	956	933	944	761	918	961	952	931	967	946	937	957	927	910	943	935	934	939
956	862	883	918	819	942	914	917	935	929	926	941	948	909	898	1256	912	836	622	875	722	740	888	997	1014
980	958	964	965	955	957	965	978	927	1005	825	873	991	970	959	1012	943	1008	969	959	921	983	931	943	954
971	949	905	957	1013	990	933	947	969	967	1003	988	898	977	928	950	992	993	939	967	985	939	892	981	964
1036	975	887	962	929	983	1002	1061	960	985	1058	956	785	977	938	962	1009	870	949	968	952	972	1001	797
1044	978	1005	966	924	990	977	974	916	992	954	845	1003	999	1082	995	997	1021	1003	1005	1002	1001	958	986
664	983	988	974	967	980	963	1007	956	1007	1010	957	972	928	907	979	1013	964	984	967	976	949	992	945	932
725	1220	974	982	971	964	994	1054	976	951	978	970	930	995	965	878	982	980	984	984	921	869	952	903	937
973	947	933	947	941	901	928	966	935	836	953	902	911	956	968	928	931	866	957	714	963	866	894	900	946	949
969	764	856	922	971	925	788	877	863	865	972	918	918	717	739	959	951	869	955	951	515	919	946	947	983	965
973	947	928	947	1029	932	910	1059	877	908	966	900	1032	952	928	909	1067	921	962	927	895	1049	983	946	971
959	947	960	919	911	931	1013	979	928	969	962	923	945	1021	987	984	997	886	942	968	969	972	987	935	948
943	973	975	930	976	937	938	962	991	963	973	957	1054	927	975	964	765	987	979	985	988	949	914	924	978	943
950	978	996	939	1001	1037	1014	983	1038	996	1001	1059	819	909	1006	1590	983	1040	903	955	948	956	974	988
1022	915	972	989	968	1010	1043	963	1039	997	916	996	979	916	976	842	1037	971	985	956	953	933	1175	939
979	996	883	970	983	979	963	964	941	915	978	926	994	955	916	969	962	994	927	925	956	917	983	973	927	947
954	877	939	1006	963	935	882	774	863	923	981	948	983	960	928	865	990	904	953	888	875	922	1054	995	963
899	939	851	983	898	931	846	879	917	945	946	868	920	904	802	967	962	875	902	945	945	963	946	958	776	948
895	909	942	958	855	904	895	934	939	954	917	922	821	933	900	914	940	953	927	969	973	970	979	891	872	724
921	933	917	951	972	986	889	942	1004	965	994	990	902	934	941	971	977	958	899	952	978	920	907	934	998	986
1004	720	772	953	999	991	1009	918	983	934	986	838	962	965	1004	950	954	984	1003	654	897	947	908	957	926
846	933	955	992	951	939	931	911	974	970	910	917	922	946	965	994	904	956	958	953	1009	986	1010	904	955
982	713	999	831	958	988	933	916	1009	988	1040	980	770	872	957	976	973	935	922	944	996	1003	985	1007	951
994	945	724	908	931	954	974	947	908	921	841	791	969	970	926	890	969	745	952	968	904	870	911	953	362	966
892	996	924	924	487	840	950	862	921	894	849	922	835	960	973	962	1826	928	978	908	915	899	855	767	972	978
980	912	922	920	973	945	983	988	911	943	927	976	973	971	730	1822	898	979	891	793	653	964	861	889	895	1455
493	989	953	1021	988	1667	997	934	901	933	1777	1023	1353	351	1758	668	883	940	721	876	1000	908	699	559
911	1892	849	874	919	1009	380	254	863	239	933	318	982	1044	922	920	631	846	1128	923	904	1300	1537	947
385	956	1751	419	897	1009	877	971	572	999	255	824	799	443	927	924	889	905	954	911	1015	607	1892	300	968
945	948	318	771	941	871	1137	1090	1039	608	358	339	1151	938	944	1117	289	553	1221	957	961	911	947	1320
966	883	806	998	943	1674	1182	223	246	999	428	985	927	974	656	811	942	1000	771	889	642	1004	361	907	267
860	976	852	723	914	203	999	510	955	684	454	909	1131	911	813	1079	370	990	930	917	973	931	237	454	632
969	910	896	809	930	915	965	1572	1012	495	1525	1357	900	909	907	349	871	905	260	990	1355	995	931	914	1534
482	551	977	911	995	1824	919	899	185	862	872	1035	906	861	890	895	1621	881	1680	849	255	901	1380	846	1327
854	845	996	199	884	905	270	790	887	855	278	438	852	851	542	687	891	926	521	873	832	853	457	930	421	855
1614	861	909	881	1167	870	1004	739	685	513	745	916	915	989	230	246	722	933	1017	1016	195	900	915	909	681
891	931	1394	728	249	434	432	1317	1183	890	881	905	881	903	909	908	1214	1159	694	935	921	925	1410	389
977	916	958	898	279	533	738	974	957	964	888	886	1269	657	291	927	957	936	321	1396	816	1028	887	956	1072
938	931	920	351	1270	820	1377	881	520	891	917	833	904	922	1047	1327	933	889	936	1050	1710	1432	908	941
779	226	1863	508	1184	1065	335	896	909	883	422	320	1148	911	849	899	257	982	337	916	912	918	972	916	878
181	536	601	263	1273	951	927	890	899	913	919	924	311	639	1751	931	951	908	965	621	330	992	905	926	898
537	1913	588	966	822	771	1300	1524	863	882	901	668	793	880	879	920	920	990	1546	846	877	928	912	954	670
866	243	1161	990	578	240	848	871	863	894	297	936	547	722	853	697	915	939	186	287	711	868	788	865	1403
874	774	1356	1074	1016	1172	1002	908	955	926	584	900	564	1147	1072	749	842	846	926	899	869	1326	1827	912
1177	1404	923	618	238	952	923	922	863	939	938	1218	1093	697	253	914	898	936	576	900	343	910	932	981	444
532	803	1055	975	742	1064	636	820	1619	1146	537	972	905	339	876	860	896	935	902	1616	783	598	375	585	1044
1017	1153	934	935	1023	587	860	837	798	916	811	952	847	832	887	975	1582	1963	698	527	654	940	896	910	1694
1475	419	913	907	836	874	868	488	621	968	905	912	953	939	911	1222	192	971	1809	600	680	951	927	905	929
710	990	267	1807	973	935	940	916	1506	385	1445	913	922	926	1092	1529	1190	1054	859	892	920	914	808	886
813	852	902	1332	885	1340	912	865	967	1293	907	917	802	407	774	942	260	921	866	947	619	911	1662	998	608
869	888	1004	854	778	986	430	927	885	861	1577	851	421	867	885	1022	966	948	920	936	1613	850	923	958	356
526	489	1664	959	866	931	905	895	932	1199	1211	395	1285	943	1758	1425	936	942	905	592	892	916	234	1331
1350	194	921	579	916	777	805	526	403	929	901	897	431	922	1017	890	232	1079	288	902	970	908	190	674	264
873	932	917	915	999	894	907	804	2073	809	816	1034	903	850	873	889	686	964	1255	923	1146	366	231	958	920
893	933	389	1373	1054	921	792	1016	942	404	1080	1832	949	879	199	1897	491	533	890	909	946	1064	277	976
943	935	928	900	885	911	429	194	992	687	961	942	931	940	873	962	770	546	498	1275	336	943	926	936	331	967
687	1837	897	897	914	910	757	838	592	920	870	986	894	975	828	929	222	777	614	916	834	910	314	216	827	795
868	1237	718	669	402	772	722	814	411	185	271	790	866	1404	1727	869	928	844	919	765	918	363	760	766	882
817	995	465	797	901	887	953	999	752	818	993	960	914	981	867	848	887	944	895	971	1133	637	858	366	867	866
1303	810	871	896	962	899	378	632	781	959	789	928	857	518	949	1087	957	904	1013	1118	568	845	1480	1081
987	1389	1026	896	539	907	1678	1005	1016	1355	887	914	1030	1032	887	948	911	963	341	817	1413	917	302	1149
1026	881	1268	1268	930	1246	1061	1490	1401	1347	883	1065	1078	712	1062	1384	440	1231	894	975	1329	1056
870	1023	1010	1092	926	994	1589	830	912	932	946	1358	922	517	885	901	1504	1066	908	1008	1174	1047	999
295	1078	926	1355	1117	863	429	1067	929	1005	1028	889	904	1052	964	847	982	1002	961	1021	867	884	951	959
1053	1249	924	934	1360	864	995	923	991	941	918	926	948	1014	844	1057	841	776	898	815	843	948	965	775	963
830	918	940	858	834	971	866	881	912	746	771	907	1032	877	835	862	762	872	1012	881	881	795	773	799	821
837	840	862	884	828	833	907	867	732	871	963	848	910	663	1027	852	1063	1233	906	628	1273	832	1068	953	851
800	896	946	896	1017	784	865	842	909	957	946	918	865	894	900	651	856	902	864	858	492	877	895	993	881	971
891	859	901	842	839	890	859	780	823	1065	944	971	1302	1062	1066	1004	951	1472	904	452	1061	1010	594	799
963	882	939	1011	909	1015	940	1026	838	859	1009	899	1009	851	1028	1367	1020	992	1096	1027	1192	522	915
991	939	930	872	878	872	823	892	1186	955	917	972	912	966	919	887	1019	965	977	1048	907	936	951	902	883
900	886	847	971	897	953	922	918	897	921	882	1020	822	887	922	973	822	1017	847	966	880	863	871	1053	949
998	892	856	871	872	1057	960	989	932	905	944	886	918	782	831	926	863	849	877	792	831	850	825	992	868	777
947	890	924	846	840	921	864	890	894	803	776	870	798	872	939	731	839	835	860	824	794	838	884	898	876	785
779	872	751	788	964	759	784	889	756	753	856	1020	1020	985	814	1000	867	537	948	960	968	923	935	994	916
843	947	974	903	902	889	892	913	969	903	873	1003	1004	1036	963	1049	892	1026	876	898	892	911	1128	451
887	901	858	877	833	845	1329	866	907	971	856	1477	926	960	497	913	940	906	1035	1131	840	943	741	963	1595
1053	901	917	1036	1019	794	902	865	927	1001	974	1026	993	1479	740	968	919	974	1330	1519	529	913	895	858
916	837	893	890	904	939	943	1280	886	911	1435	911	969	956	880	912	911	858	1100	950	865	925	919	884	875
935	999	996	919	973	924	894	902	1058	883	904	866	975	971	1012	793	976	1214	947	902	946	887	926	921	940
911	929	894	903	868	959	933	940	907	883	1280	920	865	954	797	833	909	826	804	866	797	853	967	868	797	840
815	914	950	877	818	856	885	801	482	840	821	926	935	830	782	792	776	840	866	799	851	761	784	883	808	656
896	776	809	889	893	869	900	1045	948	996	914	954	1017	928	912	949	926	904	911	889	881	893	917	896	787
884	894	788	859	819	931	889	908	526	895	925	863	995	934	1065	924	1125	827	908	881	883	833	908	838	935
1034	903	1046	861	853	882	899	913	941	917	1009	403	1037	846	958	971	1036	935	1017	911	901	923	938	995
978	966	937	888	1071	900	932	911	934	898	947	946	971	915	1022	890	967	939	849	882	917	946	963	886	887
907	937	1055	995	897	956	836	887	936	906	906	946	920	927	904	885	868	924	910	908	891	879	865	884	1387
894	969	879	916	867	771	876	912	825	913	940	974	831	967	877	914	889	878	881	954	919	945	905	933	889	888
964	943	964	953	910	901	903	872	785	908	845	975	839	875	892	919	849	872	900	870	877	816	848	840	879	935
879	890	946	874	839	884	898	932	838	835	859	666	910	891	347	814	887	891	950	814	869	569	1290	882	912	1237
850	891	826	990	851	860	1040	998	856	1022	1047	1036	1099	1057	379	1040	955	922	930	936	902	913	911	917
915	920	988	981	1020	921	853	973	971	883	929	858	904	915	924	949	934	930	927	894	898	913	1013	932	932
1017	1036	913	939	938	975	952	971	1015	973	968	961	1049	1080	1017	866	1063	1016	865	962	1001	951	990	893
919	896	932	927	917	1007	902	992	904	756	862	1059	862	928	943	959	907	905	945	949	933	900	909	919	1018
962	917	864	772	1053	1019	962	953	954	954	932	915	956	886	990	1022	881	958	871	937	880	855	968	884	975
891	949	898	929	847	1033	905	1037	913	971	1041	980	865	963	871	914	1003	941	941	914	910	911	940	936	949
921	892	920	919	1047	995	928	854	904	939	939	849	874	901	859	894	816	936	870	897	911	655	906	926	842	865
920	880	896	896	871	869	988	934	946	942	840	858	882	882	892	838	832	893	888	855	858	855	890	939	829	857
895	884	947	946	1024	948	982	1006	943	929	950	981	917	914	1046	948	926	935	962	778	922	919	917	924	917
954	807	966	922	1043	925	865	918	909	919	905	1012	913	876	951	913	917	897	897	910	903	913	947	896	924
906	977	966	952	1038	1007	953	937	945	825	977	1010	936	961	920	939	966	955	963	917	926	711	923	926	910
929	922	967	977	1043	946	873	894	825	900	961	881	948	952	945	961	894	903	904	970	952	988	917	923	931	973
775	985	961	955	963	898	912	907	842	959	927	889	706	908	841	920	944	870	991	937	890	912	929	835	924	973
914	951	770	871	564	921	872	927	777	830	842	763	944	911	956	891	935	953	960	885	935	920	985	833	969	948
894	1052	947	948	885	946	913	913	937	927	858	912	913	920	921	936	861	946	886	890	892	906	870	964	985	939
979	943	859	875	915	893	866	929	872	906	898	933	779	846	858	894	900	944	1020	775	886	907	1033	927	961
1042	1046	986	865	927	933	1075	1025	996	868	889	966	957	957	866	866	924	929	912	864	941	787	978	912	1050
1020	1009	986	881	922	1031	949	942	869	1059	935	851	946	896	860	891	990	962	960	900	901	906	963	963	1129
1055	996	967	917	953	1066	1039	1355	999	1040	1003	911	974	961	956	942	891	929	917	927	914	974	886	957
904	1131	1082	1003	919	932	863	948	868	931	906	925	955	949	908	954	778	991	868	962	924	994	917	993	977
976	978	957	836	853	913	856	973	943	873	863	933	910	845	880	906	874	861	918	939	854	843	874	867	967	920
961	839	836	874	913	868	910	567	878	886	858	926	854	897	885	867	978	936	805	910	964	949	972	922	1132	864
807	955	821	883	903	911	918	903	898	925	921	921	929	894	901	907	975	897	810	773	922	924	930	864	765	856
907	899	882	903	909	914	911	940	879	745	820	887	907	921	850	860	891	873	920	905	852	888	900	920	937	930
957	937	944	915	920	926	939	950	997	923	941	990	925	935	937	922	1008	937	917	913	693	930	1011	914	922
841	923	935	913	939	906	935	854	567	922	920	907	910	895	903	893	913	926	935	903	897	912	890	932	915	911
948	921	956	930	956	947	933	1290	919	930	1077	937	983	944	937	948	914	933	549	918	910	928	914	921	919
830	892	943	908	948	907	900	871	817	930	932	891	888	900	953	961	947	964	928	916	829	911	856	901	927	930
874	906	685	862	912	877	919	901	847	979	912	880	891	861	899	960	876	921	813	842	864	881	891	943	884	487
913	899	836	840	941	885	865	896	887	972	858	941	929	896	893	904	813	971	876	866	902	965	715	911	882	1009
878	785	967	863	1003	905	1029	952	922	1006	925	954	1000	1055	840	930	965	890	916	931	946	967	928	953	933
854	955	898	962	1003	1120	1211	1022	1136	498	577	917	915	934	861	859	856	952	947	1010	1010	1501	1061	1014
1264	1067	1024	1259	694	950	935	1055	991	958	1019	978	1556	1173	1026	902	735	846	1060	1041	832	872	990
1055	1151	954	1060	606	933	1039	939	1204	991	929	1082	1064	1409	816	881	1012	841	873	825	897	852	1011
970	1059	952	1132	1032	890	1518	1251	1108	940	996	829	1036	1080	894	1323	557	946	838	1008	906	946	1094
899	881	898	1019	1047	844	1059	1202	912	857	1007	885	923	994	1006	1013	949	987	1471	926	879	913	854	939
841	846	953	915	927	900	831	832	827	1152	883	987	1034	804	979	1028	811	880	878	895	953	925	1012	823	886
836	1016	861	865	872	888	915	902	949	835	836	877	893	865	897	897	879	919	961	323	896	927	921	882	884	876
885	851	925	1072	947	970	882	873	890	602	1012	1018	887	1005	1046	786	854	879	957	991	949	843	822	891	882
999	641	941	953	924	946	986	873	883	879	840	993	621	969	1028	1357	988	902	918	925	841	849	869	951	1072
1034	1688	931	1102	1002	1135	1011	1115	1056	882	1744	915	1065	942	963	954	1050	889	920	1062	814	936	1040
955	847	983	1024	853	953	1006	894	947	975	884	965	1133	1103	1035	936	804	935	1031	994	874	880	904	1015
960	959	936	943	895	1378	871	858	1051	907	891	990	973	950	936	795	1069	948	1000	902	868	1022	945	864	982
918	980	900	872	826	940	883	917	1040	931	803	1123	830	750	922	918	939	893	970	823	932	942	996	916	818
841	877	904	880	930	822	852	722	840	935	629	810	909	971	839	835	860	881	905	868	811	819	830	879	864	853
871	829	880	881	846	913	831	842	887	856	833	908	830	852	836	1021	940	840	936	881	833	956	843	878	903	989
902	930	992	933	905	904	1167	953	1034	1047	927	1499	1016	966	1001	994	907	941	1051	1027	925	1036	927	904
912	906	924	939	1023	1023	891	893	1009	971	813	1385	1114	985	1252	1119	1042	883	893	907	846	864	887	1030
1007	1024	811	1174	1096	1044	953	1035	956	533	943	949	1358	926	1001	957	891	1042	990	977	1036	968	1165
1001	1030	907	920	986	1080	911	1029	795	1010	993	872	896	1009	966	1043	946	915	1221	858	891	887	897	846
905	907	878	908	1008	961	771	993	866	847	1318	886	866	851	1044	936	877	912	885	903	961	981	892	827	952
892	924	975	949	836	930	853	883	922	914	1086	950	887	1029	700	915	913	906	864	842	907	935	878	910	920
850	818	841	864	826	887	887	904	808	872	876	912	868	917	852	800	843	870	900	923	908	847	918	870	866	900
833	888	856	879	936	958	834	837	867	1831	877	1058	863	1663	872	935	756	844	874	845	885	853	887	902	879
1043	1051	1033	937	1000	889	898	1032	960	896	1002	898	907	925	843	919	948	867	900	881	899	989	631	1091
956	914	1072	823	1295	931	953	888	1318	1008	901	1072	882	901	873	855	867	934	881	932	909	858	899	964	913
935	971	1039	909	873	1081	892	930	974	924	903	921	935	923	893	921	881	1048	957	937	984	1025	957	936	1015
907	921	979	1053	869	941	837	919	908	1004	915	835	889	822	887	909	984	932	1027	955	973	946	939	936	906
908	953	996	881	958	987	809	957	864	876	873	988	927	870	905	818	821	885	912	807	940	887	880	919	884	789
899	831	816	864	941	874	824	891	865	851	882	839	946	928	1216	840	892	917	909	965	902	846	854	900	931	897
945	830	864	891	895	913	936	956	923	850	885	839	900	918	909	905	906	942	939	784	857	839	919	878	936	919
898	904	963	946	933	668	850	831	904	882	707	949	939	867	857	883	879	913	938	957	917	949	944	930	928	950
950	958	911	952	940	973	910	884	905	901	962	910	948	970	938	942	881	957	893	924	879	924	905	920	917	976
1013	967	919	860	936	884	816	860	872	962	974	951	894	912	958	950	955	1060	899	913	918	962	987	951	918
923	961	988	950	943	933	933	926	825	946	920	962	977	943	964	904	954	908	904	929	882	910	881	903	873	975
930	977	937	976	927	923	918	884	971	954	880	910	898	957	987	900	962	901	890	795	973	932	870	910	875	821
960	794	866	890	849	967	862	929	825	828	846	980	864	970	544	864	896	966	911	939	890	813	851	948	887	946
882	849	892	873	838	846	933	942	844	881	929	867	951	933	880	836	899	912	886	838	884	929	842	884	907	949
933	952	938	848	846	880	887	948	904	890	905	915	933	952	853	836	872	868	860	805	888	901	912	932	873	960
925	798	900	864	925	926	921	852	804	789	900	924	942	821	932	912	934	950	958	769	946	916	906	956	938	953
900	886	900	918	912	911	961	928	892	922	958	858	913	884	922	868	925	900	956	845	968	901	962	907	970	879
863	867	939	969	869	897	908	965	941	949	952	911	919	913	954	932	939	933	911	904	955	944	941	941	970	913
786	1022	924	974	928	948	917	949	890	952	918	880	897	853	898	854	965	920	925	901	964	926	1046	866	862
844	950	946	817	790	811	885	983	940	1061	950	735	859	922	864	890	871	832	857	906	863	887	947	858	722	834
779	858	853	895	923	868	856	895	873	856	933	838	817	610	778	876	931	877	837	876	891	819	888	730	919	891
850	879	925	819	947	934	871	891	714	932	916	920	799	1027	901	924	927	929	939	948	941	887	946	962	912	907
916	905	926	946	940	957	877	888	936	923	791	916	875	941	848	961	866	952	905	872	954	910	924	917	938	862
886	885	904	887	914	939	956	1060	930	1015	930	942	1042	970	925	937	934	925	906	907	941	915	918	1015	914
961	903	930	951	954	882	928	873	948	914	934	889	984	915	997	897	970	910	874	869	909	874	954	955	940	963
766	769	952	950	946	864	982	904	949	944	979	968	918	913	968	941	928	933	917	918	981	892	714	917	843	918
942	887	954	899	888	903	883	908	911	922	874	948	885	965	887	937	1805	879	901	882	943	926	920	908	888	883
954	920	892	843	810	864	971	868	885	959	714	861	905	856	886	929	872	930	829	841	871	854	742	924	878	853
900	887	909	943	842	834	865	886	884	928	873	847	887	895	905	851	762	880	921	806	903	934	824	802	910	870
847	906	947	931	915	929	928	950	897	940	991	957	905	938	769	689	781	945	937	935	1130	910	756	808	771	737
1286	883	901	957	930	912	912	834	859	915	899	794	834	871	902	721	927	772	917	894	918	933	922	885	910	953
971	957	955	1353	969	937	940	953	947	921	775	930	951	952	953	951	965	964	915	916	922	922	935	985	961	919
957	934	960	1051	931	880	922	915	930	965	709	858	904	904	881	878	889	949	947	946	918	921	751	953	847	933
989	850	903	949	912	917	934	870	885	900	936	943	929	896	905	975	912	916	901	777	875	952	942	912	942	892
947	903	930	884	911	916	927	926	895	903	879	867	871	861	838	936	928	753	914	895	889	935	974	838	534	957
584	904	905	939	858	896	927	915	1021	911	914	937	1016	953	916	905	901	949	1008	918	908	982	901	920	613
872	874	1016	902	892	987	897	874	916	995	914	863	1048	843	874	907	865	897	874	1033	973	924	1013	923	887
949	1148	1004	1058	1050	928	1019	1142	941	1071	952	980	947	1041	910	1093	926	1090	950	1080	1025	1013	949
1055	943	1080	898	736	958	1187	956	942	959	947	941	967	962	1045	1060	1101	953	856	1315	965	1012	992	971
408	1087	1180	186	1038	1032	886	922	1121	962	929	979	940	1039	933	1034	970	1031	1007	880	986	689	985	983
937	1152	957	1097	1003	852	940	1074	975	924	1044	959	971	975	906	992	921	866	1002	957	979	943	890	1064
963	949	974	1000	1075	1019	988	1052	952	915	1084	1008	1047	1076	942	882	910	1098	968	997	956	924	727	1024
960	861	1086	947	1037	982	951	970	907	1007	1035	957	876	870	897	672	932	919	1009	959	968	881	938	971	937
975	591	905	933	968	778	900	934	755	923	1006	948	892	900	954	906	1020	933	940	915	884	1018	503	898	937
945	596	910	938	931	995	749	1013	968	899	883	928	925	930	1087	886	935	1043	868	929	952	898	882	912	910
935	945	1022	992	1006	932	992	1007	1000	968	1013	1089	1016	1382	1026	1057	989	987	1017	935	978	1036	947
1018	769	989	859	1044	957	992	966	997	991	952	940	960	903	961	1028	909	927	1061	1048	955	930	965	910	810
957	921	1006	878	996	976	925	1004	987	1011	961	964	1007	1103	1034	964	967	1003	1000	881	1047	1059	1008
983	954	895	1002	1058	957	947	965	962	1007	628	988	959	884	979	965	858	1067	1109	868	1003	1110	989	962
985	941	930	939	951	991	943	1014	1036	898	839	996	874	972	1110	965	946	1030	587	1028	913	988	984	973	791
544	957	991	638	923	879	959	986	847	999	956	902	903	972	1042	909	875	949	981	898	905	947	815	989	830	997
1000	879	981	972	587	915	924	962	1041	897	905	955	487	918	967	1043	896	943	826	920	940	953	797	1033	1022
1041	893	943	843	1066	921	931	966	944	1013	959	969	912	754	941	915	912	984	888	924	950	901	914	940	886
912	898	910	934	946	932	894	959	1054	951	957	1037	1027	1053	1004	956	879	993	1001	960	1066	971	1078	999
979	896	940	928	1076	987	974	970	988	983	968	860	896	949	956	970	662	976	949	1234	946	1090	941	959	1015
878	881	1011	943	964	1026	970	1003	1026	1114	951	1009	996	839	934	984	964	911	1002	949	1041	1040	995	1017
996	752	1041	993	898	967	986	1045	1009	1011	1008	987	994	943	979	946	933	1104	936	993	956	931	996	909
962	973	987	971	939	983	996	902	1025	993	959	1029	951	925	988	997	892	954	937	924	966	907	898	1029	978
993	973	961	898	976	933	1014	978	946	855	875	775	993	954	898	817	910	840	905	893	867	1010	900	962	943
876	958	922	981	900	915	940	925	944	947	751	927	931	927	963	966	783	928	942	1027	926	984	945	1013	957
953	982	945	928	758	931	830	946	927	929	963	939	972	957	921	918	925	924	946	943	892	911	916	933	629	973
906	932	999	955	949	969	1049	994	1010	1000	847	973	968	583	1027	970	999	1014	977	962	976	987	854	973	954
981	940	958	948	801	926	952	983	937	986	977	991	959	1016	908	919	969	970	865	927	967	949	981	976	1000
966	933	830	962	965	779	955	875	996	1032	995	970	791	947	973	975	994	1011	942	949	992	1015	1009	972	808
964	966	982	970	852	803	924	999	955	1000	845	979	944	921	938	915	966	986	989	935	951	959	534	995	521	796
1013	933	882	843	861	868	926	907	925	904	971	1019	908	1160	977	823	1433	826	956	836	893	873	891	953	926
946	826	905	887	853	846	905	1024	879	917	907	938	930	750	832	980	910	913	995	1071	840	974	864	901	938
991	870	882	894	915	967	1133	1001	894	921	915	975	932	919	919	899	1073	931	988	958	1017	997	939	913	894
870	938	904	947	929	965	965	951	978	929	980	914	912	886	905	872	948	1006	897	922	781	582	912	839	1052
873	881	912	1007	942	1077	1081	1012	1022	956	912	929	972	1007	1439	919	961	1053	923	1108	1047	1064	1033
1016	722	972	916	967	1051	1059	973	978	1013	1066	905	958	837	875	997	1034	901	1425	893	838	870	973	1198
978	954	904	905	902	745	874	1010	921	922	900	941	935	914	971	959	913	895	904	926	978	984	994	978	963	1015
1031	899	878	939	880	955	920	1011	993	1039	920	669	921	893	831	927	873	877	872	918	846	861	690	1557	966
948	880	888	864	803	842	863	961	895	920	761	849	877	944	868	797	840	828	969	856	969	861	879	624	905	886
891	827	842	535	856	883	861	956	843	883	890	793	916	817	843	871	865	884	980	856	844	867	955	731	879	782
831	889	937	969	940	886	910	868	949	950	952	896	906	947	945	959	945	917	622	900	873	1014	972	908	864	929
944	938	936	945	939	888	956	887	905	894	908	905	975	855	872	1005	543	833	938	874	873	910	960	960	972	965
762	969	964	960	931	741	914	914	1004	882	837	959	903	897	926	902	940	888	955	953	954	954	954	901	665	908
902	917	896	894	991	924	976	928	882	907	877	918	924	865	687	780	860	802	941	952	941	924	910	894	930	959
950	780	913	910	893	820	865	941	900	896	883	895	961	957	931	947	925	982	905	899	786	848	875	935	935	984
908	971	905	979	879	862	856	917	918	917	883	802	887	942	953	951	890	899	762	857	935	867	854	894	836	862
931	859	900	939	837	885	903	922	932	857	885	846	910	876	896	943	809	842	892	917	903	948	951	867	898	844
877	899	893	828	853	878	931	682	638	925	882	911	939	856	889	874	856	1005	833	902	829	874	943	1012	849
902	989	929	885	916	922	950	744	790	882	888	901	826	908	961	986	859	974	916	948	966	1362	848	852	879	915
897	913	308	915	876	981	877	914	902	916	873	925	962	965	1056	1007	1040	1067	910	959	1019	876	762	874	892
835	958	885	842	888	1002	855	961	879	872	892	976	1194	1012	946	976	806	943	869	909	884	925	924	914	931
936	941	943	919	896	890	916	1020	979	935	898	942	930	948	932	921	903	922	883	807	803	953	847	923	908	831
890	871	665	836	908	894	871	994	927	953	919	919	896	873	904	911	921	911	933	918	947	929	957	957	902	893
939	1007	935	908	930	967	985	938	936	869	873	657	830	841	883	855	868	925	807	763	874	886	888	891	829	851
835	881	874	892	918	872	859	887	763	858	721	877	827	815	852	834	888	1182	839	784	911	887	850	861	873	904
922	837	856	728	894	918	951	951	939	969	665	901	902	1213	751	930	1068	884	880	906	926	921	925	862	888
870	912	936	909	468	934	814	972	904	837	929	889	874	972	877	724	891	916	944	935	685	907	885	935	817	943
860	907	892	927	957	939	958	976	964	908	913	906	943	954	806	949	903	901	894	780	740	929	918	915	880	907
878	929	871	960	934	959	909	953	926	918	858	910	867	921	872	945	957	938	896	899	931	954	963	973	900	907
933	951	960	975	953	937	928	927	894	895	722	797	923	920	929	876	864	902	887	892	931	922	856	909	856	892
940	707	928	953	790	905	1015	779	949	848	856	892	911	943	947	949	895	886	890	949	938	940	900	915	895	970
956	928	1032	1103	1589	1022	1132	1093	922	1063	1035	879	437	599	937	1061	891	916	869	917	1291	932	982
932	958	881	1005	923	1045	499	906	944	880	1573	967	1050	1105	990	950	978	1033	937	973	842	899	961	990
922	953	935	949	920	918	181	922	1147	344	971	743	1099	1272	294	988	458	973	1091	1596	1022	978	870	1123
979	511	1136	1060	1055	768	756	1130	930	1066	998	466	1040	669	845	914	1314	862	983	780	1093	1503	688	1061
1127	1061	1146	1083	1083	1146	961	1095	1076	1059	1110	1216	1085	1102	574	1133	1053	1092	990	975	1235	462
950	1079	986	959	917	958	893	975	969	1099	995	1160	1065	995	935	1638	1105	1000	938	1078	1059	1004	985
955	955	1038	720	729	1065	1012	955	937	987	975	1099	925	1440	1008	678	1331	969	906	915	991	968	886	941
1039	1017	1072	997	1012	1011	944	966	1050	952	986	899	905	996	980	1027	1045	988	949	963	982	1010	793	953
984	1022	930	1027	978	880	1004	1055	947	989	1050	909	899	984	938	1079	916	1357	1077	931	1043	976	995	1006
937	596	959	917	1081	974	1064	1061	893	943	893	1084	938	1101	1061	956	1010	993	954	1063	1006	916	928	930
816	1056	971	993	973	926	942	951	965	970	944	920	935	909	1233	1462	1010	998	1358	981	1071	1108	964	1071
1080	969	1012	989	1075	879	1084	799	905	959	629	1246	1054	1094	980	901	994	1073	1025	971	993	987	490	1088
1004	995	889	1013	991	1039	987	970	993	761	953	959	1006	1045	1095	1041	983	1022	976	925	890	941	1009	976
975	960	1010	1053	907	1024	999	1045	968	920	1028	989	963	950	982	981	906	924	1009	961	983	986	954	934
1002	1010	1036	1008	997	990	956	965	1054	1027	887	1024	998	982	1275	956	872	916	988	1024	929	940	906	951
982	1140	948	936	1071	989	1001	998	1006	1006	916	882	960	952	999	954	935	1026	1710	993	995	1014	899	970
1004	1014	843	1014	1042	941	978	774	908	1018	1013	907	976	969	924	951	984	976	1175	1134	988	1090	832	885
939	984	956	914	976	916	982	871	1054	969	1068	1059	931	1063	950	898	1032	1435	910	964	971	1037	920	1081
869	933	872	933	1052	978	220	992	930	1293	1060	1068	1057	1059	1029	912	1061	1106	886	777	1316	1102	1622
745	1025	976	1390	983	966	1727	965	1238	1068	1247	982	1057	1121	1676	1070	1111	940	1607	1021	1219	1027
1121	1049	1534	937	1063	984	1007	974	1056	1540	952	1020	703	1694	1085	1429	1193	1073	562	1008	996	968
972	1068	1061	1045	980	1025	1080	979	1059	1035	1011	1050	990	975	1052	1069	1005	1077	1095	1053	1104	1064
788	1089	1023	1054	1095	993	1013	990	934	1059	1089	1025	970	337	1390	1099	1075	1072	989	1034	1049	1084
1011	1112	1071	1106	999	1013	918	988	922	936	939	945	939	973	998	947	1013	965	942	994	1003	1034	915	889
1038	862	985	1021	880	969	922	1103	886	1089	917	990	681	929	895	913	918	997	988	901	920	977	907	1009	917
957	936	952	902	970	959	928	1006	917	954	990	1022	1073	955	968	1038	967	914	935	851	916	818	953	985	926
1026	990	1008	918	215	856	1035	1021	894	890	969	984	926	1050	1003	925	1042	980	920	952	906	889	676	943
934	986	951	1023	855	1046	920	1038	892	965	887	904	1060	990	1050	1073	938	1056	1047	1761	1006	940	1085
1223	1063	1016	999	998	884	918	977	1031	1055	1063	1305	1003	982	1083	1011	1056	1078	1004	899	857	979	992
904	1062	1099	1108	1262	1103	918	1390	899	1025	964	911	842	958	948	1040	880	903	976	943	901	950	965	983
961	951	960	1075	910	1021	1077	925	968	1016	511	1004	914	1036	957	936	957	945	987	894	952	1101	1007	946
1004	1001	995	876	1067	992	995	902	1271	1061	1032	972	966	901	897	1047	942	964	907	968	893	922	951	978
1002	1036	1007	850	1034	963	224	973	835	911	919	951	993	913	914	914	906	952	959	920	910	910	906	989	882
897	1019	914	929	1007	877	904	982	868	1021	970	876	962	1043	1030	930	1042	1001	1153	591	848	682	1115	948
1411	1059	974	1053	1028	1036	915	1010	719	1049	910	1163	950	908	1445	1021	1061	1204	1013	1041	956	857
1021	1017	1746	1289	949	899	486	843	940	1492	892	1325	968	919	1087	999	925	1644	1094	1061	1412	1045	1113
1057	1109	1035	1059	1539	977	1091	953	1024	1538	1039	1080	947	996	1028	991	1079	1302	1131	1385	1418	1103
1000	1454	959	1123	1148	1357	1117	1120	1018	1020	1109	983	295	1046	1569	1506	985	1140	1357	1045	1045	1041
905	948	1047	937	946	982	1031	977	949	1018	940	868	1065	1037	1017	977	1031	971	994	971	854	946	955	1046
1035	1008	984	898	946	1041	945	961	961	939	992	1066	947	1147	879	969	957	1146	1056	1057	882	1078	978	962
906	899	962	885	878	932	983	867	927	993	976	843	955	924	914	934	939	990	937	902	742	923	900	1050	979	1638
933	937	941	955	998	974	902	903	905	940	917	952	919	941	899	887	895	655	848	911	953	915	883	930	1024	1038
793	1069	793	1090	1001	923	906	929	933	551	974	873	1017	1028	1334	1055	917	1024	1007	964	836	1089	966
956	884	942	971	980	1018	896	960	1016	942	958	924	938	1042	1019	1060	847	968	889	1061	975	1109	950	970
486	1054	1470	1016	1010	985	1187	934	1092	1010	1012	1059	1281	989	1045	856	887	943	939	955	1076	674
