	136	82	105	134	264	276	73	176	202	209	134	183	245	67	119	188	183	122	115	301	270	258	246	209	73	211	296
222	201	72	112	113	227	113	239	278	85	203	189	78	113	114	90	101	214	309	225	99	95	221	82	162	89	61	250
330	122	98	209	67	222	65	103	193	64	143	125	162	148	91	73	96	106	117	110	70	123	105	181	142	173	186	64
75	92	103	94	71	62	138	237	123	178	341	219	122	141	258	329	157	251	172	179	60	70	120	93	64	74	219	99	97
73	62	121	160	335	194	335	64	90	178	237	116	79	129	92	69	111	131	100	189	180	60	160	107	89	107	76	123
125	84	75	217	182	91	61	119	77	133	159	60	109	77	73	81	61	212	143	123	111	102	274	104	328	265	194	106
220	172	179	87	102	107	263	203	78	88	105	176	82	81	277	85	165	151	108	220	249	138	65	107	68	112	161	107
272	167	86	112	74	152	262	73	133	89	276	225	202	285	202	236	274	61	130	304	289	312	290	242	246	180	253
272	226	243	153	85	82	173	106	118	160	60	184	132	307	140	191	64	199	169	83	76	174	80	140	66	124	139	88
125	84	126	170	143	120	94	216	241	225	109	88	111	165	105	67	87	266	95	120	226	106	122	119	93	169	109	157
314	245	74	266	96	123	232	211	207	273	171	139	82	152	116	277	253	248	173	202	292	176	87	222	96	267	168
152	125	81	142	125	68	163	224	134	105	109	117	293	139	70	123	157	256	91	268	70	128	180	114	101	69	74	181
78	342	62	274	138	81	68	167	220	143	108	165	105	192	125	249	272	277	244	221	241	221	96	104	174	60	118
138	234	152	79	169	312	286	248	179	214	285	338	259	114	295	241	295	186	198	87	166	302	257	311	231	98	119
252	271	320	86	114	151	152	225	86	292	272	274	103	138	71	282	293	312	181	151	178	129	290	238	130	106	154
185	61	141	68	195	68	78	73	176	75	84	137	73	286	78	122	290	116	92	263	262	224	103	142	97	101	249	146	149
226	89	191	322	67	74	125	244	185	230	178	79	201	185	69	165	279	286	316	114	70	138	112	97	65	143	70	170
102	161	289	138	124	246	248	198	174	114	248	160	74	246	179	87	256	190	162	135	330	204	71	283	65	94	137
104	146	61	72	75	210	259	238	285	106	147	214	60	95	90	206	321	123	105	227	137	266	73	154	153	127	308	70
185	137	206	104	96	316	251	102	115	77	147	68	254	167	129	258	213	82	81	148	66	166	254	115	207	264	213
235	339	154	185	73	72	155	127	75	169	231	87	99	260	149	103	235	113	100	73	189	178	101	255	122	117	156
71	356	129	98	265	278	237	152	95	179	163	123	186	311	69	195	108	276	127	187	78	103	151	61	82	177	105	196
73	229	209	67	66	77	72	82	114	205	222	79	128	86	178	134	109	200	193	187	127	74	138	68	248	210	309	178
130	93	273	80	308	215	207	93	143	73	105	64	254	164	77	168	93	158	164	282	178	117	337	227	231	230	128	151
244	120	95	66	304	325	93	89	66	82	94	226	186	241	64	148	323	184	196	232	65	182	128	197	219	79	60	82	216
216	245	249	304	322	243	156	227	88	72	97	109	132	125	114	132	154	119	111	61	83	114	74	68	278	140	311	239
157	70	117	178	84	79	77	137	155	262	149	232	118	296	266	297	285	311	136	242	109	130	249	94	125	65	193
272	329	247	129	226	286	83	78	75	195	103	84	170	83	71	115	96	206	306	166	125	244	93	221	242	72	98	132
249	259	147	126	89	150	68	146	101	74	91	166	68	101	161	214	240	274	63	136	110	149	142	142	128	65	76	204
170	167	106	215	64	81	269	119	194	159	94	125	167	138	325	74	126	265	286	261	165	291	275	62	128	192	69
94	133	262	95	236	220	212	241	143	121	167	276	283	271	245	286	204	206	144	74	184	248	65	151	273	221	234
189	151	137	111	221	91	83	166	160	74	221	93	184	124	286	251	286	250	222	270	204	78	277	124	152	125	279
61	72	316	80	116	226	296	292	316	98	152	80	177	97	96	264	272	235	120	238	224	226	97	134	314	76	142	154
165	154	290	281	98	161	112	71	141	260	105	146	105	173	93	142	110	246	254	109	134	81	318	180	188	114	97
256	191	168	269	230	314	90	86	77	130	229	131	88	234	91	175	153	208	210	157	68	286	240	112	142	109	82	109
284	291	258	94	94	256	83	166	121	62	129	158	208	242	295	68	237	95	90	158	93	70	128	69	154	81	113	207	79
141	109	202	249	236	119	177	121	194	214	62	305	166	278	308	178	312	122	76	90	204	272	62	200	99	197	123
72	154	115	105	223	68	66	128	212	264	226	265	223	96	151	133	130	217	323	188	309	76	217	89	206	83	212	253
78	252	327	198	115	87	254	123	72	101	167	132	121	122	148	60	229	297	94	177	192	123	151	126	127	95	150
98	207	165	88	62	175	78	67	101	159	289	67	209	93	212	66	170	130	84	174	213	60	207	308	74	165	158	93	312
238	229	236	220	63	226	256	247	125	101	158	284	67	216	250	101	110	75	262	258	82	192	104	89	158	214	127
159	159	99	82	111	232	233	101	203	104	232	318	198	259	192	65	255	126	140	157	166	127	142	73	292	317	110
139	170	302	71	199	249	319	97	66	128	81	76	205	192	251	169	96	182	261	298	195	264	134	324	191	133	91	261
329	176	63	209	104	77	134	80	307	96	117	243	204	126	212	100	107	169	106	71	191	99	151	106	315	133	218
145	183	122	245	139	268	64	106	223	310	103	156	223	233	278	161	63	174	82	63	70	143	169	153	262	62	134
247	123	273	132	151	243	92	174	102	176	82	81	283	248	76	147	73	177	163	271	90	231	184	99	132	306	222	167
258	309	75	90	134	155	76	66	64	91	93	84	141	149	102	125	87	102	219	105	195	203	69	109	114	219	165	193
116	62	110	76	267	66	155	260	156	80	66	74	93	232	153	90	86	67	75	282	143	149	237	231	68	90	219	277	97
74	64	87	229	101	163	69	151	111	278	287	135	288	258	138	84	127	104	158	310	204	182	72	95	118	215	205	156
219	123	106	70	176	61	301	224	125	187	255	293	113	164	79	195	107	255	159	83	107	170	283	139	108	65	104
238	155	317	157	105	145	116	104	91	213	223	68	139	219	66	143	159	106	295	185	92	68	229	68	66	88	60	126
151	60	235	97	71	192	324	203	68	75	320	227	331	283	316	260	73	122	63	203	129	65	88	115	146	113	70	312
179	140	118	63	218	98	139	206	295	196	219	261	328	72	128	64	109	82	80	89	83	196	245	106	94	139	200	206
71	181	231	134	91	102	98	220	67	160	279	271	194	170	167	219	280	125	91	173	98	66	77	107	63	76	229	141
130	155	98	254	91	65	299	141	105	316	295	240	249	300	220	225	90	96	62	247	243	84	310	180	75	86	127	167
81	209	61	99	216	144	179	140	149	110	70	119	179	62	63	204	257	184	134	251	182	61	197	125	109	214	196	133
214	85	193	172	291	275	130	68	279	67	67	65	260	83	88	67	67	130	86	77	171	318	161	140	215	83	140	77	187
99	291	266	328	244	91	96	301	66	210	82	64	156	129	147	152	213	244	61	214	309	99	69	169	69	153	131	85	74
210	102	162	265	100	186	119	114	106	106	136	297	254	73	167	139	113	136	159	170	103	74	97	158	166	74	65
300	71	104	120	70	222	196	257	203	77	257	153	77	211	79	271	95	109	322	184	212	265	110	76	95	125	111	99
168	250	317	241	73	170	334	208	90	83	102	162	201	186	278	229	250	194	158	178	122	132	236	283	121	63	60
306	211	217	79	221	128	323	152	220	95	205	147	136	256	216	248	120	177	234	60	176	186	74	250	136	144	134
65	157	155	197	60	88	267	267	75	145	83	290	283	284	115	109	184	64	118	125	295	257	246	68	118	248	241	246
174	68	175	67	200	65	77	64	190	137	281	260	263	236	115	183	275	262	223	272	61	154	287	304	312	281	80	81
298	141	85	84	204	196	255	70	85	75	218	84	162	233	122	125	140	169	90	75	257	161	108	121	239	156	98	212
61	128	104	180	271	295	255	235	80	139	72	196	273	267	67	174	208	248	107	289	198	266	78	66	238	168	125
62	236	229	328	94	137	253	62	110	334	113	213	115	159	183	107	190	223	186	278	232	257	268	270	184	174	98
101	65	60	137	91	67	281	107	208	80	317	240	187	213	91	203	121	244	245	160	184	208	69	174	146	116	87	106
250	98	170	280	133	249	163	121	196	169	67	338	210	256	194	79	158	320	127	107	163	108	244	146	105	314	299
123	149	150	100	68	62	164	110	105	136	258	162	82	86	69	82	93	113	257	81	129	166	67	154	284	133	63	225
234	288	286	149	227	65	127	86	153	257	282	69	107	107	127	91	122	249	272	67	218	185	83	240	156	257	89	91
114	238	188	173	193	261	285	254	105	207	93	101	301	282	241	186	155	91	187	86	326	140	98	61	164	260	171
118	83	157	285	151	60	275	131	111	204	133	103	65	80	85	85	161	139	198	331	92	94	95	191	260	107	245	155
110	94	117	81	273	195	138	196	138	164	99	150	169	148	180	83	290	118	146	268	192	74	242	67	135	110	189
222	126	201	217	93	147	176	124	80	159	213	271	72	199	149	241	274	82	72	104	263	69	88	103	112	313	257	263
118	168	163	162	74	65	110	203	121	97	101	98	113	242	151	126	256	101	125	288	115	142	114	110	130	168	248
316	114	192	70	131	302	293	67	140	60	77	74	207	174	268	90	166	264	65	135	90	150	252	87	105	295	241	220
311	192	107	109	167	193	81	84	311	274	181	202	241	67	259	247	308	251	294	275	241	135	275	141	88	174	272
285	227	322	67	69	142	87	139	89	162	82	250	117	122	60	227	296	114	284	286	110	223	274	300	263	162	129
283	277	142	183	136	118	164	238	233	88	112	63	89	68	273	189	216	92	152	74	280	210	129	135	309	238	74	175
235	104	81	222	231	238	107	126	89	137	233	274	60	193	244	236	202	111	240	226	72	214	244	89	166	293	316
186	320	173	103	95	288	118	83	191	66	187	67	99	340	200	260	89	158	136	205	74	266	88	111	62	216	121	60
120	86	256	291	267	84	188	157	130	161	68	235	92	69	201	123	85	211	74	256	307	259	135	73	237	232	301	291
143	136	326	227	161	249	280	150	66	262	79	61	237	305	274	86	84	174	182	315	293	111	215	173	121	125	257
195	60	79	117	122	125	178	82	272	63	170	84	175	63	238	102	90	143	76	172	154	111	165	101	137	291	61	122
137	94	79	310	182	97	60	92	238	309	77	142	118	157	248	122	209	197	73	102	145	168	95	296	161	67	110	176
204	145	199	147	151	283	176	201	187	78	181	218	60	192	71	100	134	142	289	230	328	176	185	106	152	236	91
307	306	272	232	309	147	62	229	244	127	145	68	88	269	202	93	93	110	62	323	230	188	278	295	106	314	80	113
221	307	157	73	216	135	150	234	64	314	119	173	323	306	171	124	101	129	74	200	77	280	83	177	132	102	156
88	114	173	151	63	151	111	64	120	72	238	194	109	177	291	328	273	193	96	171	88	133	240	268	89	166	212	111
80	146	109	92	86	199	170	213	109	127	67	61	274	256	159	112	258	78	155	209	140	147	194	119	186	310	219
276	287	64	141	96	161	105	151	162	63	230	261	286	187	132	280	75	289	97	170	140	142	63	79	212	300	300	299
223	247	136	283	155	66	217	209	319	82	143	300	310	295	305	167	84	145	118	190	100	103	295	153	65	118	77
94	67	63	96	64	158	160	170	85	160	247	93	60	65	319	221	71	94	165	219	291	61	203	124	61	281	303	132	107
105	246	148	77	130	209	81	156	153	63	243	252	196	114	210	256	262	205	106	73	72	244	338	177	71	260	166
112	285	256	64	145	93	173	63	111	82	156	128	128	185	222	75	142	63	165	210	77	144	108	117	92	155	149	80
68	130	106	276	123	144	323	314	90	167	74	143	192	178	86	262	61	139	323	169	60	115	157	201	167	309	120
123	150	153	141	70	86	187	118	82	277	84	80	303	63	273	137	72	109	87	80	73	126	194	161	322	100	100	87	238
116	402	202	85	98	84	169	296	71	312	99	124	148	112	61	67	108	122	165	200	135	71	159	136	131	75	158	183
287	216	244	114	143	193	82	265	177	149	91	63	183	119	197	266	135	116	75	220	84	219	109	74	84	73	65	328
257	73	215	218	62	200	60	129	120	125	71	72	72	79	185	285	90	248	85	310	115	136	265	277	260	128	225	275
257	224	212	164	97	158	238	211	293	274	196	83	154	154	99	124	102	66	247	199	316	266	293	283	158	92	132
62	164	65	281	140	77	103	178	265	140	104	250	71	63	203	92	130	169	106	168	70	88	115	89	317	175	158	136
110	281	191	105	251	219	120	90	67	167	146	136	282	209	336	260	139	122	192	98	125	150	60	282	79	104	280
139	97	291	184	270	215	290	80	189	279	104	122	97	308	146	243	86	111	203	240	73	151	99	97	328	161	263	146
69	71	264	328	285	126	65	90	164	160	107	103	125	155	217	71	168	333	82	157	153	60	98	92	187	241	69	141
67	235	190	341	201	90	257	307	85	201	143	145	127	98	149	122	84	84	266	192	73	230	76	100	61	328	254	170
192	248	125	103	124	120	109	146	167	85	74	61	119	165	60	178	274	134	68	335	171	78	167	313	243	123	74	263
174	85	118	330	313	267	137	127	145	61	64	91	116	203	75	120	169	173	346	79	102	85	309	93	70	116	135	171
184	85	152	92	80	167	114	185	96	112	65	99	94	109	129	159	234	91	328	103	122	167	146	166	176	135	60	222
256	139	276	68	154	176	115	207	137	109	261	215	174	98	67	75	74	183	323	242	185	87	91	256	131	196	291	188
69	264	89	134	262	288	105	95	246	82	139	160	239	273	67	163	255	130	93	278	224	99	89	134	192	108	75	255
79	88	297	108	122	230	86	112	189	78	122	80	70	145	214	238	226	234	98	276	183	277	77	89	90	239	64	177	212
114	187	241	86	305	113	126	114	115	268	60	114	92	213	76	68	76	115	119	83	229	104	136	90	149	195	196	135
180	201	112	261	103	157	168	187	267	316	251	122	96	73	101	245	129	197	89	141	226	67	173	109	73	140	190
60	108	143	263	172	63	160	203	186	286	212	287	203	81	106	144	132	292	174	290	296	253	78	82	101	167	293
110	300	295	160	120	93	137	124	287	256	64	109	277	89	171	288	178	97	132	221	327	116	64	160	65	227	99	180
191	248	202	200	77	136	306	236	64	106	230	254	121	136	66	298	158	148	241	150	76	87	64	116	250	273	177
98	170	295	115	214	98	220	170	286	179	135	288	72	189	83	154	268	277	244	195	178	164	130	91	163	139	106
145	233	165	106	83	162	153	140	217	230	302	262	120	67	124	80	109	76	60	164	62	138	101	149	280	326	89	61
233	90	261	111	144	240	167	88	266	100	169	146	248	258	70	298	74	133	265	248	97	268	289	167	96	216	129
86	141	199	130	190	268	238	67	143	74	108	199	223	68	185	268	238	183	276	289	121	123	290	77	79	144	91	257
302	294	246	289	116	208	259	74	96	127	103	134	115	204	188	95	65	181	153	95	63	123	309	290	158	83	179	91
224	62	105	169	92	88	80	299	137	206	252	60	291	82	212	195	241	179	217	331	100	234	308	228	248	174	115
344	260	60	178	287	219	161	165	101	200	96	306	68	129	60	194	242	170	78	60	172	231	176	161	117	68	108	79
205	292	168	155	93	148	329	285	152	235	222	96	287	100	93	148	70	67	232	136	163	120	94	103	298	156	137
146	146	61	258	192	74	204	93	161	298	241	169	79	99	187	128	99	66	302	229	87	84	131	162	101	71	178	198
131	198	223	273	111	225	251	271	198	186	338	84	204	78	279	79	68	111	151	62	85	135	165	194	66	223	329	132
103	247	325	147	136	244	199	62	78	120	75	194	161	148	69	186	84	245	78	180	83	62	338	135	60	238	238	60
191	151	142	253	203	99	269	150	230	320	98	61	90	240	188	112	105	173	96	228	173	80	208	120	68	118	187	166
148	282	62	99	168	188	76	101	277	90	122	119	141	86	73	144	143	108	204	220	340	125	273	89	173	209	84	339
237	113	61	113	98	81	177	105	101	189	74	188	81	325	122	97	68	96	111	101	123	146	304	299	91	243	129	169
125	298	79	158	245	66	140	106	98	145	149	113	308	240	270	170	100	237	104	177	79	199	191	194	259	208	300
230	79	127	313	167	93	189	211	104	113	269	86	161	99	171	66	86	117	208	165	240	183	92	120	274	150	174	99
211	299	135	139	286	275	123	77	224	264	211	93	130	100	175	77	130	211	111	107	179	144	246	111	194	259	337
104	193	332	185	163	223	83	131	179	65	189	81	101	165	70	121	88	177	104	107	119	200	156	122	149	174	107
92	249	140	178	253	299	70	137	218	192	155	108	212	326	298	70	182	61	147	249	256	105	192	304	231	108	145
277	66	166	83	212	161	262	204	63	127	279	89	138	68	62	96	100	64	128	136	72	77	187	215	84	124	340	276	131
117	96	170	106	133	126	159	127	302	99	252	151	213	181	308	284	232	78	190	273	154	93	298	162	159	138	119
195	60	223	280	312	201	204	223	125	178	213	304	97	196	205	97	292	186	287	87	236	77	124	69	299	286	277
132	150	181	85	210	145	149	254	163	75	75	106	81	177	129	108	71	179	131	156	235	293	154	79	173	101	92	84
194	242	158	263	103	91	77	174	113	224	226	166	245	85	158	99	63	63	123	164	92	297	153	235	305	107	157	124
101	119	79	244	213	100	70	106	67	166	69	136	75	99	135	147	80	166	302	75	106	266	153	131	265	130	181	93
200	314	176	88	186	104	68	97	216	223	247	62	158	115	130	248	240	299	96	143	90	215	88	148	317	159	135	165
283	78	74	203	252	131	78	287	145	106	220	208	63	181	138	76	67	76	170	107	80	95	159	298	256	263	129	163
197	204	209	72	169	240	213	68	66	134	225	167	62	260	146	109	191	260	64	135	111	67	156	301	177	83	142	96
70	81	221	178	98	219	136	134	159	105	284	136	129	164	302	199	119	113	68	91	218	90	118	134	316	108	90	296
71	234	81	202	93	196	208	233	77	243	146	122	194	127	84	149	85	295	219	165	143	134	185	121	104	237	287
299	216	79	201	72	70	287	102	187	102	163	180	80	148	271	70	111	177	129	102	255	329	157	266	249	129	201
195	69	286	90	96	272	319	314	163	78	95	118	358	253	75	80	61	123	156	113	234	337	131	139	290	183	76	159
154	289	163	274	223	182	287	61	96	73	138	66	225	273	215	250	64	95	214	242	209	69	143	218	302	72	266	60
239	88	169	120	114	99	151	309	68	62	73	84	152	277	184	316	222	113	63	267	274	138	125	174	197	67	194	77
117	114	225	160	110	62	88	176	70	163	254	285	233	272	184	111	325	293	155	75	291	205	85	124	285	111	163
205	67	247	251	245	85	139	150	147	133	165	295	306	113	204	205	153	80	83	141	137	76	119	111	100	174	212
310	138	127	210	67	108	202	129	103	128	99	121	61	100	97	222	288	220	106	327	158	137	110	72	130	301	242
66	242	188	73	99	93	193	83	116	309	138	84	198	200	81	61	147	134	268	71	218	270	86	79	125	118	111	166	142
257	322	229	79	176	144	265	211	286	76	211	186	86	72	201	157	307	331	252	209	143	127	104	278	168	88	166
222	133	260	199	104	97	188	237	228	261	271	96	153	199	319	65	69	142	71	255	81	199	138	143	134	301	135
79	165	88	306	91	233	64	127	106	185	107	79	71	131	132	141	90	65	112	130	232	264	290	86	91	102	116	89	292
214	236	142	103	333	104	105	264	63	165	97	198	90	225	103	149	214	210	98	113	176	81	65	92	183	156	188	144
289	131	102	83	289	305	263	137	127	217	251	130	162	121	113	122	155	90	67	132	201	76	301	140	83	132	102
158	162	90	146	199	201	145	308	115	112	68	107	86	169	229	328	67	105	118	114	310	167	170	73	151	71	183
124	128	127	118	155	175	222	89	83	71	78	225	157	200	137	273	105	91	237	232	224	134	70	129	180	60	150	85
87	151	97	113	214	75	144	286	323	297	209	276	153	125	121	154	279	259	187	117	256	66	125	138	85	161	236
63	61	119	200	87	186	142	103	68	192	316	331	154	158	322	168	120	114	184	106	329	162	133	116	292	124	281
250	175	109	122	129	115	190	76	72	154	103	272	283	101	254	60	191	88	66	155	148	184	67	209	295	120	160
92	137	306	152	263	216	89	235	168	280	137	76	60	125	98	232	230	60	210	219	265	233	71	66	170	64	344	78
192	202	80	239	323	326	87	108	290	95	126	120	94	92	103	102	229	312	204	131	105	108	203	175	65	227	224
124	183	301	178	124	164	112	83	167	316	81	323	216	271	164	154	214	183	87	64	156	79	76	173	268	99	75	143
92	75	184	132	127	64	135	240	345	275	136	93	91	148	102	92	126	68	101	96	77	91	197	74	130	78	148	92	77
70	99	96	99	205	172	126	103	86	183	143	178	101	237	266	111	96	201	91	119	202	101	173	105	99	176	104	171
166	275	218	204	157	117	160	156	123	69	220	88	157	136	66	177	70	303	176	70	243	227	309	319	140	128	69
295	66	163	138	71	197	203	115	238	67	145	63	60	79	281	165	144	244	286	233	277	181	100	113	61	211	300	257
308	208	74	130	61	253	152	100	250	206	107	104	180	122	98	139	255	158	133	183	88	168	201	157	168	210	121
111	176	78	191	180	92	92	340	241	127	61	238	183	155	131	334	140	62	226	171	90	127	169	308	101	170	243
130	62	222	72	153	162	280	84	155	248	287	115	232	65	66	188	63	160	214	146	94	229	240	232	266	67	139	226
119	84	114	183	145	165	245	68	96	215	185	109	117	184	217	273	131	77	211	203	68	199	204	303	155	85	260
230	164	202	181	305	328	246	77	116	144	108	90	185	75	262	197	203	155	100	298	140	117	77	305	287	243	110
71	287	100	294	278	229	241	93	211	193	67	232	108	191	267	177	80	113	156	156	171	182	147	87	267	184	315
257	257	169	112	144	223	108	132	123	174	99	150	125	270	68	183	302	178	132	181	212	68	130	90	82	193	250
294	270	208	308	245	174	264	64	295	119	186	246	164	279	197	282	175	160	274	239	308	141	87	79	258	83	77
164	257	121	137	263	126	94	197	147	94	83	143	200	97	176	133	214	201	266	69	166	101	169	309	66	96	74	252
106	208	240	92	116	229	285	337	62	77	176	83	65	89	125	133	248	183	111	63	120	134	70	216	189	109	135	262
238	64	62	66	202	204	119	128	115	82	171	89	133	152	108	165	101	216	177	136	85	203	76	90	202	195	243	226
281	187	140	61	89	157	206	70	137	253	295	301	149	241	182	106	142	302	273	149	141	146	253	293	222	67	130
84	78	211	230	73	163	134	256	183	219	352	83	175	144	122	195	164	130	308	209	106	325	301	180	278	338	256
65	230	256	169	235	61	133	98	74	100	117	117	66	136	117	192	209	120	123	127	197	112	199	86	132	288	144
99	112	302	63	236	162	165	108	152	302	185	104	244	292	283	293	184	77	180	184	249	191	152	92	335	74	166
141	118	73	202	305	62	217	223	61	221	168	250	65	90	64	145	144	70	154	176	190	127	123	153	109	257	231	85
178	64	181	130	131	104	68	231	183	110	122	257	68	241	211	79	107	110	208	60	213	89	145	308	295	221	265
114	208	141	70	138	104	172	197	67	280	103	293	223	230	91	80	269	142	89	232	129	266	172	123	157	132	72
267	223	259	95	78	197	140	90	131	109	198	163	85	69	157	209	203	75	254	289	85	68	157	131	216	118	181	171
99	104	290	248	293	92	238	213	203	262	89	134	175	76	88	254	306	128	165	262	110	91	103	163	208	291	64	312
280	136	70	96	141	258	223	241	107	90	219	229	274	166	287	234	275	222	129	146	219	69	95	173	282	60	62	149
183	105	157	271	238	314	216	89	161	152	85	92	153	144	163	139	127	186	75	233	83	140	116	205	150	173	69
168	321	201	258	208	83	293	185	253	138	175	79	68	96	228	149	143	113	83	93	64	188	99	310	349	114	154	224
280	289	160	68	205	231	187	93	319	123	77	248	81	204	148	93	291	306	269	207	335	300	241	146	96	62	112	237
282	171	110	99	79	101	83	75	183	78	205	99	221	268	145	78	193	63	223	267	68	151	137	273	78	62	100	72	95
136	90	216	260	197	64	183	234	69	134	138	199	267	305	111	157	177	60	212	222	106	73	130	82	69	225	84	235
197	141	175	233	60	64	115	279	150	220	190	190	155	276	132	129	106	88	216	61	140	219	110	79	142	288	136
107	65	182	270	176	113	97	76	151	72	86	117	132	104	135	131	137	159	91	282	300	311	274	71	184	170	262	304
96	60	82	73	284	117	93	193	95	95	300	201	179	219	80	254	81	102	282	254	194	72	62	182	317	173	138	166	230
132	82	208	103	122	200	102	253	75	76	98	169	170	82	152	165	124	153	67	77	71	140	91	133	77	61	75	282	103
80	149	75	110	92	67	259	156	136	100	65	265	325	125	229	188	275	213	70	87	307	246	104	126	207	201	494	134
96	78	112	70	119	94	84	70	155	61	154	322	165	111	145	79	185	95	83	79	147	73	306	173	262	245	258	160	186
69	73	84	120	203	177	120	338	286	129	85	271	297	296	126	128	139	229	284	145	65	237	109	307	63	113	85	295
290	95	206	65	338	78	125	192	188	124	213	142	95	136	169	146	114	104	82	66	274	87	122	87	61	60	63	271	186
254	76	251	208	180	248	161	133	187	185	203	61	106	162	273	252	87	211	144	131	262	60	73	83	195	264	303
87	113	137	104	214	115	103	146	141	106	188	104	142	302	81	172	98	177	189	84	73	243	175	80	236	230	284
81	200	126	179	62	105	155	140	118	92	158	173	64	149	91	268	265	161	217	164	175	126	257	224	132	192	67
256	78	97	190	134	278	94	77	145	241	85	96	222	62	134	90	223	94	166	129	71	130	280	77	147	113	65	126	175
156	112	275	262	108	248	96	114	88	175	228	129	196	66	70	109	280	273	147	285	264	133	139	146	63	264	204
61	264	212	63	82	105	125	179	294	122	119	262	155	148	115	214	135	168	96	169	214	92	142	74	145	193	94	73
193	135	273	87	139	214	142	305	62	226	145	88	204	248	228	185	73	129	110	169	252	67	205	84	123	91	78	238
270	214	172	84	65	84	67	180	76	124	281	278	176	97	212	208	181	97	107	60	110	271	210	261	267	284	82	120
317	176	79	118	187	282	183	195	119	62	250	204	99	85	90	286	65	113	112	135	250	66	118	124	101	78	82	121
157	96	63	201	304	148	293	263	86	169	86	77	169	169	137	277	60	154	63	170	113	234	300	122	139	67	149	290
76	91	124	151	298	305	162	111	204	229	165	137	118	208	169	62	267	148	261	68	277	108	119	124	261	268	292
268	193	222	143	85	80	129	70	160	213	66	139	128	152	156	109	144	184	239	127	165	270	294	284	331	160	60
174	90	88	221	199	140	78	79	166	125	99	144	307	101	234	71	298	248	265	214	95	71	235	187	274	98	248	82
99	121	136	77	73	202	136	94	87	147	200	74	147	273	292	337	72	199	61	77	195	66	171	129	107	86	185	278	220
226	233	234	72	154	87	139	299	271	138	320	266	239	118	305	261	119	106	282	207	296	315	208	75	152	73	213
201	236	276	226	262	131	236	64	82	166	84	225	101	265	123	99	109	104	166	290	126	170	253	111	173	254	174
74	143	142	259	177	132	101	69	290	168	231	158	300	265	292	146	94	75	236	169	149	137	229	60	169	284	229
96	299	138	61	76	192	289	106	166	224	64	100	188	255	314	86	167	301	307	180	267	158	68	313	267	67	142	195
182	157	221	290	214	302	271	95	146	61	92	95	273	298	106	87	88	249	238	314	247	81	282	130	158	152	311	65
90	148	224	123	107	166	172	142	231	154	180	165	73	220	200	63	69	136	183	199	74	174	94	152	290	84	70	271
282	72	223	65	199	241	322	226	81	215	191	124	99	170	82	171	250	195	61	203	276	180	66	95	109	258	105	155
249	153	63	72	72	255	201	137	164	257	107	159	259	177	207	209	62	199	80	120	95	117	91	106	84	118	220	151
113	63	172	63	157	87	78	97	90	158	328	110	127	63	60	122	233	60	268	104	220	112	220	201	130	129	158	249
181	177	103	83	80	195	296	246	151	197	152	171	254	111	196	213	137	95	62	218	314	246	138	95	100	151	295
120	129	156	301	96	209	323	163	161	81	171	268	240	64	174	198	85	73	259	292	132	243	138	199	299	177	156
216	140	73	116	90	251	273	134	132	224	174	240	75	317	238	132	90	148	91	155	258	155	77	103	84	67	177	208
119	182	262	304	119	99	123	88	230	92	173	98	156	176	181	308	333	147	104	147	163	68	194	181	182	167	70
140	85	74	180	193	107	81	182	156	127	225	78	136	124	184	127	87	144	118	252	108	165	250	100	153	263	145
78	261	321	264	284	79	130	215	64	145	155	183	86	186	98	211	186	348	238	80	263	66	96	325	129	260	113	158
258	94	123	94	62	220	256	112	288	312	61	107	152	312	196	290	271	76	90	171	108	122	71	270	115	146	73	207
76	145	198	113	88	70	81	153	217	239	68	183	87	132	69	334	281	77	63	123	330	182	240	230	152	119	89	290
291	161	74	193	261	283	194	67	225	260	166	315	90	126	76	193	226	113	77	83	322	305	101	248	99	330	198	78
62	214	95	210	83	199	239	256	132	203	227	62	67	60	302	175	175	151	92	149	111	163	159	335	61	187	199	196
205	111	197	99	72	219	312	95	67	290	267	292	290	169	80	92	188	107	117	151	166	119	115	182	62	263	177	325
86	118	78	88	86	284	108	107	302	215	120	76	173	86	110	104	81	151	151	191	268	190	230	160	152	60	228	155
84	221	226	64	228	118	158	127	321	131	86	64	208	71	61	229	98	261	196	228	117	161	153	120	97	127	205	172
64	163	83	294	173	158	67	73	197	111	148	122	88	291	126	263	240	62	143	119	206	205	89	97	85	177	75	152
158	291	121	308	68	225	178	83	97	106	71	156	119	122	72	282	113	96	175	96	102	69	101	135	91	266	191	257
110	208	83	99	72	66	197	159	130	167	107	181	110	124	297	316	228	296	265	232	261	208	83	158	268	210	341
171	136	201	283	295	254	226	68	133	76	61	254	119	78	210	254	80	155	127	74	131	170	287	213	215	75	137	75
189	235	96	181	140	156	87	145	276	78	127	136	251	80	145	192	70	157	70	289	128	170	109	171	97	155	279	258
163	257	66	290	320	306	123	63	321	112	68	85	72	199	280	117	83	194	124	138	294	120	91	206	132	65	111	65
252	333	86	328	117	81	202	231	103	216	235	94	249	269	311	235	71	157	103	255	295	254	158	87	287	137	156
252	311	111	112	102	70	144	205	281	239	107	69	248	265	288	121	69	103	136	243	141	67	108	117	187	161	137
86	93	61	71	326	274	60	201	297	126	287	191	61	81	76	72	183	87	81	238	131	93	170	148	97	144	187	139	89
106	95	71	152	261	167	103	201	211	74	134	91	269	90	154	134	265	204	98	201	225	93	119	80	216	267	261	79
173	83	140	326	210	84	118	115	86	220	239	290	126	252	100	246	342	61	293	261	71	315	101	260	67	180	247
206	212	71	131	112	164	123	261	189	139	114	179	93	256	177	329	84	85	61	236	114	296	285	167	117	126	311
193	101	162	135	63	165	262	274	262	136	137	161	109	159	77	119	135	167	80	204	163	160	126	136	258	206	152
211	172	112	177	105	80	246	191	99	108	206	141	103	167	144	277	335	147	201	68	70	93	204	330	79	128	235
324	107	128	61	229	216	124	79	187	208	259	61	207	223	160	131	92	73	120	212	297	236	163	102	182	343	91
254	205	271	68	83	101	67	272	65	222	63	229	78	90	252	317	295	316	146	124	174	292	304	310	313	250	219	207
268	228	187	256	290	309	312	276	198	122	307	121	73	159	308	98	227	248	73	298	148	61	111	290	80	164	232
78	223	170	88	76	154	293	213	112	139	71	73	138	153	146	83	139	110	176	170	65	309	274	239	190	134	89	247
77	133	77	66	102	222	84	81	202	104	145	326	89	145	321	123	190	167	76	79	105	263	327	270	78	143	82	127
91	159	84	103	225	132	108	155	99	175	206	76	126	66	248	252	68	137	214	72	149	82	101	62	121	67	60	187	250
69	197	87	226	271	64	72	65	73	164	157	119	105	110	144	152	60	134	298	238	249	110	255	106	79	234	100	147
217	67	130	75	140	287	293	143	76	160	99	175	282	81	88	162	62	119	175	66	234	230	62	71	131	123	94	285	96
211	305	178	121	268	228	80	92	232	171	77	309	75	158	181	163	126	140	154	84	172	113	135	121	150	135	130
84	224	172	154	181	237	251	313	318	72	130	200	177	198	121	82	296	62	247	162	165	162	270	120	142	278	241
278	256	122	82	289	82	108	275	196	120	127	178	330	159	171	66	140	129	86	101	131	64	110	163	109	192	84
113	188	198	250	165	75	216	198	77	77	103	77	123	83	228	179	134	117	277	176	192	139	76	96	107	276	206	67
283	99	122	134	162	254	246	322	137	284	249	199	141	124	161	60	246	106	310	286	208	159	138	254	230	309
220	252	69	113	78	198	282	343	152	76	313	248	111	215	105	170	92	109	72	203	73	126	275	218	164	64	257	191
64	289	187	135	335	107	147	125	285	138	165	104	127	130	222	297	214	61	91	140	96	212	267	135	98	241	176
295	220	61	88	133	188	126	162	151	196	126	177	65	146	182	97	148	67	217	64	74	236	303	147	163	78	61	98
100	97	265	323	302	248	176	94	205	129	157	202	79	273	248	201	288	228	67	113	153	237	74	334	247	175	76
152	92	92	219	309	69	96	150	145	104	240	314	199	244	155	242	290	138	96	79	167	310	68	208	317	95	236	249
232	251	172	111	266	262	253	217	62	262	181	240	301	294	184	171	158	155	142	283	179	161	297	220	222	255
200	203	74	289	105	176	94	84	118	216	135	253	344	65	235	221	60	93	180	102	112	92	263	228	111	142	104	80
215	109	223	147	276	93	123	163	96	220	270	237	81	73	131	76	143	258	249	172	186	267	221	135	127	303	211
291	68	226	83	165	185	69	258	259	75	95	79	222	260	282	144	73	306	66	190	127	274	303	158	88	109	90	315
310	237	117	68	81	134	136	125	106	283	231	254	151	69	74	88	87	121	135	201	225	67	157	89	212	199	86	251
101	180	87	294	234	224	198	69	128	76	95	170	146	64	245	226	67	229	186	92	220	261	78	108	92	120	92	323
203	246	240	149	298	287	272	217	223	253	189	247	333	266	155	168	185	291	246	241	129	237	206	110	261	240
278	170	85	144	83	128	107	267	310	177	135	84	102	289	103	88	75	221	271	327	276	173	155	72	90	69	129	216
64	122	74	178	80	81	129	251	118	77	167	150	73	223	89	106	286	256	130	80	203	154	105	188	106	301	117	87
67	183	234	63	197	75	259	76	224	151	66	94	167	77	91	188	327	117	165	255	160	76	306	109	99	83	114	317	63
220	235	100	160	146	108	234	112	180	219	313	248	136	62	111	192	63	125	252	208	223	133	92	69	129	88	186
265	67	166	198	206	221	115	90	311	310	152	107	154	95	229	281	192	142	104	195	223	181	68	163	119	134	141
149	220	158	222	204	102	108	86	149	113	289	60	138	83	302	207	71	302	263	70	176	103	84	153	182	76	186	311
276	85	104	185	271	110	116	144	241	85	74	112	306	211	186	287	91	70	64	122	177	299	234	230	78	62	264	298
195	270	87	158	272	103	149	203	132	129	256	87	71	100	262	204	250	178	225	176	281	93	114	62	148	131	109
93	221	256	171	67	88	66	249	99	114	221	154	62	290	60	176	187	102	241	98	173	174	123	72	291	197	101	112
95	80	107	144	125	192	88	84	243	304	149	140	116	246	259	155	178	270	118	329	294	95	179	69	133	87	216	73
136	147	291	140	171	180	105	253	278	279	192	105	228	131	161	66	198	213	239	254	89	106	94	175	62	147	234
175	69	154	192	79	241	85	75	136	157	212	193	65	199	94	64	131	111	134	109	126	85	104	230	66	155	245	83
155	155	126	187	266	274	141	66	85	97	187	85	206	196	76	190	259	216	137	70	287	164	325	203	128	245	267
305	282	159	179	72	303	213	196	255	162	112	185	60	123	73	402	75	183	96	177	80	147	187	108	77	267	273	139
199	145	225	169	212	62	177	326	158	122	218	139	172	193	208	104	211	146	131	129	160	83	141	158	113	62	152
63	138	133	206	60	297	453	79	67	111	115	114	87	139	110	210	234	110	133	247	61	88	121	129	287	225	67	86
63	279	160	224	75	102	153	211	134	131	125	116	61	148	246	121	90	104	61	305	75	158	443	297	135	66	96	60
75	249	239	126	99	220	123	126	139	169	144	84	91	196	176	82	93	290	143	69	197	160	69	320	86	141	196	182
98	297	138	301	253	236	164	282	94	103	169	64	214	301	198	278	87	80	147	97	254	284	391	85	69	78	97	214
181	113	146	69	95	74	75	156	225	109	111	65	89	299	148	71	86	185	188	91	90	226	204	231	149	320	219	203
82	256	174	78	193	272	227	101	256	74	64	228	295	271	230	246	109	153	175	102	116	86	205	242	147	234	221
131	75	149	82	64	129	106	233	267	60	160	235	296	206	156	276	129	171	97	175	235	246	278	83	138	290	184
107	131	204	271	300	192	104	162	143	62	140	73	213	208	60	193	237	187	60	83	83	120	126	301	272	259	318
264	305	252	167	89	105	194	339	131	76	108	177	101	69	205	107	94	323	71	119	176	257	185	135	194	98	288
83	88	134	70	68	187	174	191	148	155	61	180	110	151	182	68	194	225	114	169	126	231	95	65	68	210	84	114
164	99	243	78	131	221	73	134	129	153	68	128	218	290	97	107	299	296	108	148	75	149	315	76	110	295	183	326
169	100	84	149	167	115	115	265	259	152	90	264	93	101	208	144	90	151	123	71	91	78	181	242	257	261	170	131
81	120	121	94	81	181	82	231	67	109	173	72	69	82	81	167	143	262	241	309	71	303	256	142	115	133	108	185
130	245	287	83	309	217	85	104	156	246	140	82	99	72	105	162	126	169	242	78	308	124	175	124	72	230	264	270
191	283	137	206	294	176	208	168	78	61	253	77	160	280	164	123	81	120	65	163	84	129	191	182	104	83	127	65
143	212	222	84	124	226	267	244	283	293	138	213	244	191	106	262	73	263	105	134	103	94	156	63	129	121	97
129	167	181	77	116	81	127	160	70	117	87	65	88	112	267	78	166	330	211	225	206	128	65	70	175	164	294	70
149	107	170	100	178	124	248	260	291	108	214	126	211	200	279	273	201	116	102	287	227	120	229	215	279	62
132	72	81	174	83	72	238	251	235	115	64	307	343	183	173	90	98	118	60	105	125	124	204	233	107	73	72	162
89	83	83	212	83	62	161	84	179	255	223	231	320	236	80	152	84	201	201	104	113	89	144	140	206	233	74	94	178
154	135	64	168	204	123	292	116	64	90	76	236	142	173	102	77	156	137	158	169	60	149	153	83	103	202	329	104
296	126	117	186	130	141	241	84	163	319	257	146	131	251	76	63	213	174	104	297	266	280	314	181	179	83	69
187	78	104	60	132	89	137	284	119	75	253	96	116	148	211	308	191	114	118	222	92	168	90	198	102	114	146	111
153	212	118	142	289	303	95	244	242	135	251	242	76	120	270	259	73	193	160	258	189	60	234	215	131	135	78
125	71	178	133	125	151	89	68	99	154	65	122	84	131	181	314	230	219	255	192	122	268	160	103	254	174	183
156	93	215	189	113	197	254	111	148	126	159	212	312	245	262	73	137	136	274	165	112	217	292	300	74	101	237
66	222	120	147	110	257	310	203	118	169	106	182	260	241	121	100	65	67	226	239	173	95	158	217	85	70	250
60	114	63	148	83	122	141	84	246	116	65	236	313	217	204	291	63	89	148	74	165	254	197	138	68	171	252	100
149	188	60	171	107	75	188	258	112	164	73	162	91	215	116	61	84	120	133	68	156	99	197	269	271	164	115	101
131	274	303	135	88	229	97	141	165	249	141	176	116	301	82	135	67	70	262	91	160	175	144	135	84	189	113	160
102	108	187	300	62	174	94	72	217	215	199	70	294	177	105	271	93	74	77	207	279	60	144	108	78	78	148	68	77
114	115	205	87	118	91	86	126	158	87	158	185	85	175	125	345	146	65	122	209	121	190	179	105	251	79	237	246
248	96	109	83	199	251	61	187	80	208	79	199	263	61	295	133	112	146	149	65	139	96	302	227	228	173	206	60
263	246	193	354	139	109	64	66	225	291	245	75	135	237	304	234	77	155	174	183	155	174	147	121	173	183	172
108	183	148	81	60	287	70	106	85	115	177	71	271	320	166	65	62	222	153	242	116	137	172	215	274	70	63	200
167	80	281	275	93	195	292	278	190	85	109	77	265	226	79	171	231	343	285	147	95	83	235	277	115	325	130	157
137	207	63	257	99	237	76	82	269	162	210	63	63	110	108	231	259	241	87	77	78	177	61	66	73	131	63	101	117
267	78	117	84	99	151	222	196	170	186	118	288	167	283	283	294	307	88	205	187	230	66	133	147	99	81	156	116
307	118	158	69	86	119	164	155	97	76	165	147	126	131	135	111	140	291	116	245	276	61	141	243	67	106	116
127	301	175	222	235	136	158	76	233	74	126	104	65	140	134	147	62	284	299	281	264	157	70	143	153	74	204
103	150	91	245	342	330	218	145	128	131	136	183	162	191	100	132	78	100	130	164	195	116	180	143	153	171
87	205	130	63	202	76	193	175	136	160	244	185	187	231	73	205	108	133	69	214	67	172	201	238	148	143	151
254	91	96	104	111	134	103	141	128	80	311	249	204	77	139	130	160	192	87	85	63	293	227	147	80	105	73	244
159	98	220	116	150	284	136	168	190	204	108	197	80	276	143	119	158	90	95	64	171	65	189	102	115	131	118
213	117	149	79	85	64	91	138	117	325	267	145	299	302	215	181	73	230	128	133	79	303	235	252	83	128	274	188
101	79	215	134	74	71	130	227	82	210	116	125	67	63	115	170	96	152	142	169	118	73	103	127	63	209	74	268
109	64	208	176	155	235	72	123	246	297	122	172	109	96	286	229	129	199	96	247	170	105	91	102	261	298	206
91	108	108	178	417	150	157	243	176	66	168	80	142	73	60	99	111	81	193	147	287	319	96	112	161	149	198	106
82	131	275	180	287	155	91	84	150	275	226	74	102	64	186	149	61	180	71	254	77	166	96	209	98	95	78	101	293
228	67	267	68	148	220	65	295	140	107	107	65	119	85	95	196	231	257	65	61	172	165	63	278	64	133	104	184
73	71	190	77	153	127	276	230	138	167	78	167	160	143	218	310	256	148	78	144	185	86	103	224	83	73	209	83
169	192	102	237	247	69	93	270	67	252	97	114	261	79	346	238	92	130	276	274	296	323	67	131	153	144	185	100
249	282	261	64	157	87	79	198	273	235	71	324	204	93	215	74	233	155	72	101	90	114	214	127	108	254	151	101
128	210	331	332	73	62	168	103	281	171	334	132	81	63	218	184	116	64	72	194	148	313	228	67	102	88	144	285
107	110	105	94	110	113	72	132	66	178	249	249	307	94	132	210	225	249	79	230	70	228	207	239	148	114	312
82	143	251	187	272	101	291	65	167	154	136	245	263	232	67	96	61	66	202	83	289	265	206	75	321	98	199	84
60	121	157	87	182	285	99	70	115	156	64	79	75	78	229	97	107	223	190	126	135	181	93	208	70	63	76	163	113
62	61	99	224	266	77	145	68	150	95	60	91	118	223	330	83	61	218	80	199	202	145	181	212	94	116	256	137	134
108	253	217	266	149	166	114	301	211	95	189	100	179	68	118	164	246	74	82	83	172	86	198	174	85	134	122	324
211	99	67	60	279	142	87	101	153	70	82	111	227	201	62	81	172	191	163	78	87	191	227	96	65	212	113	175	65
173	141	102	183	269	295	274	150	71	82	194	197	113	112	156	191	68	118	176	182	250	240	61	65	116	212	93
194	223	86	67	160	224	299	166	153	262	239	95	184	278	79	87	88	105	91	273	306	163	220	153	137	136	121	84
190	67	172	95	114	226	90	209	145	168	321	110	108	207	157	199	214	61	100	225	146	260	165	208	291	266	79
108	115	148	128	105	194	154	79	66	111	92	196	115	146	88	323	237	268	91	180	127	84	62	71	134	177	166	301
68	159	158	132	301	154	267	186	141	146	236	135	261	211	222	167	346	320	198	126	73	244	275	253	335	322
261	114	89	80	233	94	190	121	121	226	162	69	142	140	214	316	297	72	190	75	176	137	135	74	142	163	172	218
282	99	75	90	199	274	89	61	123	259	129	133	111	295	131	279	253	140	78	217	137	82	222	78	224	259	231	62
78	63	60	235	154	63	95	267	316	258	108	68	138	212	272	237	256	102	86	258	272	164	76	154	271	170	105	180
325	219	155	189	289	80	178	95	138	106	277	169	222	175	128	254	137	150	210	265	290	308	195	127	130	132
116	118	82	78	86	115	111	210	208	92	140	79	86	267	311	112	209	345	195	220	190	104	168	114	166	80	332	288
144	94	297	244	278	172	105	100	186	114	88	78	222	194	122	171	185	174	83	63	97	258	170	119	235	251	146
189	208	85	157	63	119	99	172	285	212	347	88	166	195	171	74	258	70	280	106	260	61	134	107	252	270	137	89
112	87	122	197	76	211	83	83	89	215	239	78	128	74	124	104	97	232	208	181	312	177	137	96	196	82	259	254
216	150	68	61	100	150	202	301	103	96	189	78	190	100	74	69	273	235	232	264	352	163	153	142	80	181	134	127
305	220	84	188	145	140	112	117	237	284	308	254	79	137	193	130	169	98	109	222	311	134	74	181	197	84	163
213	245	69	166	298	286	121	267	104	67	90	172	235	328	120	212	74	259	193	188	69	112	168	286	198	83	237
67	91	132	63	78	122	133	133	257	264	275	257	69	129	99	301	216	296	239	205	178	117	104	165	64	88	209	180
126	128	71	222	87	183	209	239	125	142	154	107	282	292	195	208	73	122	176	103	61	75	268	196	127	203	87
209	185	209	94	179	171	313	174	117	133	82	167	233	272	197	303	244	145	78	160	116	109	77	97	295	311	125
159	205	90	128	182	166	60	78	222	177	93	165	128	201	265	249	86	63	250	69	246	209	256	350	181	203	286	101
96	83	106	155	123	183	149	97	220	81	294	230	214	290	256	260	76	289	74	114	77	134	86	223	229	80	98	140
270	300	261	144	204	258	203	106	148	235	251	139	117	74	70	102	179	177	84	117	86	129	183	62	150	153	148
181	229	173	291	171	100	214	311	191	113	273	245	286	276	85	180	211	90	147	281	143	83	215	117	96	245	267
165	83	81	92	163	118	64	71	103	281	61	182	108	133	78	123	72	106	119	173	142	234	130	85	122	89	75	69	239
288	190	88	295	181	303	256	213	70	104	107	298	229	131	245	119	87	116	102	253	177	164	290	152	78	313	66
229	89	108	63	149	89	153	78	298	118	112	210	264	164	99	61	110	142	152	69	220	330	332	166	232	83	257	68
97	215	231	314	206	237	252	95	76	198	239	65	66	88	109	68	286	251	69	152	120	282	311	76	155	270	284	71
260	107	109	219	69	308	240	66	104	220	204	96	126	192	212	86	163	290	71	147	94	82	253	249	103	255	296	163
211	78	158	90	188	61	277	258	232	129	184	263	105	100	174	83	246	144	239	211	241	186	356	237	332	245	100
93	187	67	123	62	116	227	162	190	224	79	164	154	166	172	80	98	176	62	229	148	74	67	224	67	87	173	215	173
89	238	74	180	81	72	74	115	229	221	67	263	288	180	65	105	139	148	133	279	185	277	208	223	298	174	178	263
270	251	345	87	108	67	112	94	223	89	153	95	77	100	91	331	112	117	68	267	263	206	109	75	85	204	115	241
167	93	159	65	69	199	88	85	296	64	226	182	308	117	90	78	245	148	70	146	167	85	85	62	182	309	207	219	316
183	278	120	81	102	193	164	80	176	67	157	125	168	195	203	99	97	62	227	143	155	193	127	145	267	334	291
312	262	238	78	174	86	130	90	83	167	128	150	63	61	60	334	287	240	331	244	268	343	294	195	101	134	95	88
154	166	252	78	124	225	121	92	191	87	64	102	239	79	136	161	223	293	291	221	175	91	60	83	121	117	158	112
88	242	64	102	92	175	190	162	83	143	203	160	110	147	152	112	146	255	286	250	217	139	62	142	238	273	205
68	62	96	179	346	163	88	178	89	80	102	124	188	279	203	88	117	250	70	122	228	168	265	324	288	139	151	60
72	184	244	84	159	229	149	131	73	208	174	242	296	300	177	104	71	286	111	140	122	302	251	95	282	119	85
64	249	245	65	113	156	255	196	162	209	255	90	105	157	112	134	224	100	107	74	138	127	271	162	71	111	205
219	63	110	319	185	112	287	63	113	78	279	181	185	230	101	86	266	133	291	106	202	90	100	104	221	255	292
280	181	96	276	164	192	65	193	76	172	155	114	300	296	214	235	77	67	124	125	151	279	96	63	199	217	185	214
64	62	187	167	116	138	291	114	76	91	77	72	72	235	161	91	78	196	226	206	236	67	238	182	160	126	196	118
167	187	247	126	121	106	270	123	116	315	77	96	86	153	66	131	60	89	318	97	172	105	101	167	122	82	159	134
156	180	229	266	160	129	121	68	189	104	82	74	101	168	196	254	153	294	144	151	115	70	112	104	167	80	120
213	288	235	109	176	112	338	263	250	261	97	85	95	100	320	101	204	76	120	90	67	89	152	136	72	149	280	82
82	79	218	119	208	113	128	294	184	138	132	158	83	129	292	263	71	122	222	98	112	77	199	85	137	199	63	67
108	116	108	166	191	232	180	96	164	237	211	80	215	179	129	194	212	149	226	177	178	131	191	110	163	60	189
214	91	276	284	277	113	124	88	87	116	126	122	121	142	172	234	104	184	77	65	105	123	282	129	199	129	131
97	88	191	239	102	155	209	300	167	72	72	86	142	108	339	237	172	140	134	269	226	69	362	67	132	62	106	149
219	252	245	93	194	345	229	116	185	257	113	219	70	134	114	142	300	63	205	101	85	74	63	147	88	81	215	179
73	117	79	174	76	63	142	183	108	95	116	302	273	105	153	90	92	295	218	311	113	135	78	63	210	70	130	71	80
175	165	83	186	276	103	87	151	128	83	334	225	129	190	150	69	299	193	68	63	66	62	286	260	232	221	250	142
264	269	131	110	233	171	203	110	80	126	225	92	227	97	136	88	199	98	150	79	82	160	68	150	85	285	159	74
117	166	115	147	141	289	239	180	135	117	257	265	73	94	141	170	109	65	287	131	321	321	104	289	156	202	289
223	69	242	226	66	68	153	147	144	228	330	157	255	237	90	315	121	105	153	173	64	188	135	96	197	233	62	268
71	244	302	228	99	69	340	81	69	131	163	136	119	107	238	95	273	132	145	141	94	60	95	66	87	179	272	88	91
223	67	98	115	61	149	69	229	90	146	221	282	234	104	104	97	99	149	114	69	253	77	73	189	119	111	83	253	131
88	198	109	128	118	180	268	161	106	121	196	67	164	137	139	89	133	173	213	74	274	282	78	109	141	68	123
247	273	87	207	301	312	206	66	261	150	144	172	143	91	67	178	107	304	258	136	154	133	93	160	287	200	133
244	199	122	171	63	83	132	63	241	68	261	130	122	101	94	73	92	74	155	232	263	73	109	77	138	87	108	77	200
86	223	159	156	151	216	213	90	276	119	157	109	293	216	279	222	106	204	226	294	160	140	275	306	186	65	112
71	229	118	204	96	156	297	110	72	94	66	87	310	76	177	100	282	231	263	237	111	253	82	75	121	183	78	153
84	183	130	89	217	138	84	249	128	232	65	309	235	183	309	350	252	277	62	265	308	101	156	62	106	94	333	281
64	127	164	137	77	86	107	63	283	200	286	105	226	66	227	177	265	252	67	91	130	261	61	162	262	171	81	256
146	105	155	101	85	152	84	203	80	63	157	87	121	225	122	175	332	94	197	198	103	183	171	252	215	85	76	162
80	73	69	60	116	79	237	105	111	100	132	138	63	223	87	166	76	252	225	190	150	264	82	79	194	181	146	203
187	299	143	252	64	235	69	224	84	111	162	103	89	77	60	84	63	64	83	217	191	63	110	143	241	307	82	162	183
224	280	211	256	295	79	214	74	159	111	62	83	210	302	225	136	84	99	257	286	96	244	149	152	263	172	83	238
78	123	305	152	197	129	278	331	200	96	74	129	175	152	129	130	100	101	198	83	92	105	79	230	329	295	74	107
248	125	130	66	346	203	126	258	264	181	142	96	274	97	138	150	198	246	167	90	113	130	119	137	95	94	60	136
128	237	255	82	200	106	164	95	111	261	302	94	110	269	285	147	128	112	256	100	160	250	74	233	69	97	137
77	77	334	289	229	268	321	103	158	130	73	162	221	77	126	231	297	190	87	64	221	60	323	165	211	249	186	226
316	178	228	305	292	310	119	112	60	230	114	61	67	160	262	320	245	138	155	88	156	165	65	250	228	67	150
255	143	173	137	106	263	81	289	300	177	281	155	100	63	235	62	225	300	68	302	111	126	143	216	169	124	87
219	60	201	331	166	174	128	78	302	108	224	95	138	341	198	263	154	184	131	78	302	313	308	241	157	120	335
294	268	215	226	124	129	120	66	146	79	63	69	72	139	325	158	236	157	289	63	66	186	128	313	266	147	111	143
110	161	90	242	175	65	211	139	196	89	77	127	110	76	143	239	108	113	145	225	176	64	93	102	198	75	144	185
72	297	324	134	98	66	284	247	126	270	151	190	284	237	192	136	178	129	89	295	113	145	60	193	196	129	322
287	273	101	181	300	162	160	284	232	117	150	98	142	263	117	125	68	272	91	267	288	93	81	107	196	218	249
74	202	177	231	81	85	114	299	239	84	326	303	339	165	90	294	252	331	71	155	134	150	220	231	240	201	101
157	154	223	143	146	183	350	139	101	242	331	316	222	157	123	210	62	264	246	110	174	181	105	146	225	278
131	78	106	66	285	109	210	294	70	87	154	278	150	122	281	78	105	116	183	240	318	191	128	139	65	176	126
173	89	260	111	205	64	216	283	152	136	92	152	133	209	140	143	69	178	87	63	205	153	163	235	96	188	295	122
157	118	123	122	108	97	86	132	82	232	214	60	130	327	92	81	178	68	123	248	96	144	242	69	92	179	137	255
279	123	144	172	119	129	69	73	195	279	155	270	214	157	93	86	96	95	233	162	130	86	85	94	64	173	243	85	70
115	107	63	257	306	76	108	318	166	205	236	114	249	275	123	210	204	206	205	147	110	85	144	102	88	86	89
175	63	86	95	143	191	90	211	271	141	87	65	228	279	141	99	328	303	237	301	306	325	131	158	64	136	214	235
72	180	61	134	83	86	63	191	68	124	196	118	195	139	126	137	225	175	99	210	62	121	72	260	94	231	75	96	98
97	137	131	180	138	84	187	215	66	88	123	229	60	139	77	155	133	168	291	80	240	85	283	301	220	257	209	182
131	217	163	82	158	224	242	198	70	212	154	334	62	284	123	70	167	313	332	154	88	168	121	289	114	88	80	63
112	90	221	123	98	253	215	324	339	278	139	75	315	304	125	135	70	145	173	129	156	320	229	70	157	104	178
72	338	295	113	353	269	114	196	68	287	101	307	179	209	144	64	74	272	60	92	111	133	99	71	97	70	85	68	259
194	229	69	64	242	300	158	63	167	145	182	154	60	75	132	108	63	287	252	73	117	164	247	91	154	121	115	284
95	98	101	214	273	98	114	202	241	287	242	106	124	139	227	70	63	132	72	210	226	155	91	167	111	201	185	221
153	155	78	67	205	83	231	74	199	162	285	251	64	63	61	271	77	225	339	75	163	245	214	249	187	137	64	147
112	143	134	70	247	155	123	173	280	149	176	130	122	116	62	131	117	133	82	201	117	108	66	128	197	85	168
190	181	171	311	312	207	309	61	107	146	92	157	307	109	102	138	174	72	88	81	91	180	227	170	150	113	181
68	61	142	186	76	119	145	246	173	179	133	126	186	103	184	60	112	244	89	94	328	275	223	106	186	197	244
85	305	187	98	91	122	77	261	292	257	137	118	127	219	71	331	217	283	245	277	166	68	92	207	99	236	251	147
102	182	94	133	330	287	205	67	77	176	123	121	109	156	187	107	147	127	286	167	173	76	117	107	60	120	193
151	235	187	64	195	347	214	266	174	89	131	75	183	176	101	62	140	138	87	234	202	87	245	102	96	152	140	288
317	168	242	112	135	289	225	155	259	77	91	252	182	130	149	60	89	206	70	77	112	127	63	62	66	67	109	145
61	80	123	247	111	147	157	114	172	177	98	105	257	203	232	194	78	309	229	125	68	88	122	99	198	70	207	240
228	64	138	162	185	63	139	84	238	264	145	135	270	61	214	113	140	111	244	121	112	199	310	244	192	151	113
172	235	112	187	249	63	214	97	75	98	70	200	92	148	66	73	75	112	99	129	274	120	115	102	168	275	187	74	103
149	180	192	161	312	228	97	82	84	62	121	296	142	249	222	91	264	76	110	100	163	62	247	63	213	280	100	161
276	298	81	89	185	227	132	162	246	297	101	98	68	231	173	149	85	77	89	90	277	92	200	280	195	120	324	201
230	134	120	162	98	93	143	192	216	81	61	284	91	110	70	255	81	105	100	205	102	120	126	122	209	83	65	130
277	143	65	173	63	254	265	229	89	95	171	110	175	315	76	68	144	104	215	328	214	71	210	246	219	299	90	92
63	224	109	275	81	270	286	249	122	132	164	92	177	255	192	246	243	149	108	188	63	174	105	93	124	224	66
227	154	125	198	240	76	87	104	178	68	116	93	239	221	248	319	182	142	130	117	156	306	101	96	90	305	103
85	295	290	91	253	237	274	207	103	149	63	137	61	257	105	60	186	226	177	326	122	143	65	253	154	134	62	226
156	190	234	148	73	133	203	211	141	90	63	231	282	90	150	123	95	211	227	268	221	346	76	120	108	63	103	83
114	113	118	60	202	306	85	162	240	224	112	177	161	114	171	155	79	85	191	230	213	135	262	67	97	119	106
119	305	316	73	292	138	74	80	284	243	233	250	130	168	143	123	95	293	293	279	208	67	179	200	217	185	90
96	83	132	171	325	266	298	225	312	186	65	316	88	153	74	176	75	231	177	216	124	99	125	282	320	197	86	312
219	301	203	109	71	204	190	233	400	309	128	73	135	166	68	158	261	285	76	79	92	98	67	67	115	256	82	92	100
183	331	68	145	166	86	85	92	73	183	250	187	193	155	222	239	177	214	69	222	135	235	86	142	109	256	297	288
131	298	100	69	140	140	76	178	108	133	75	95	167	303	221	94	208	101	141	164	110	155	290	142	162	263	160
158	287	212	260	281	148	62	72	189	170	194	137	156	226	146	239	140	140	313	162	281	83	137	117	253	76	157
82	71	303	325	84	86	307	202	178	299	116	61	208	303	285	205	239	307	214	124	165	258	158	211	254	266	107
132	292	274	173	108	89	221	157	123	74	201	140	244	80	82	206	152	226	122	278	137	96	154	123	66	169	210
287	165	104	64	84	285	140	110	126	290	307	212	145	195	109	131	248	81	63	183	121	71	221	200	195	69	180
151	150	235	103	127	130	90	105	81	82	144	153	98	272	95	312	271	176	268	193	95	126	152	148	149	209	289
193	213	62	165	64	228	288	108	150	205	89	188	205	153	90	229	101	93	151	79	77	276	318	87	102	261	310	97
196	62	85	292	309	115	118	338	137	70	288	134	161	276	124	154	251	61	226	300	293	87	112	172	100	195	312
226	79	187	76	312	329	82	130	154	73	181	120	330	273	228	209	152	314	290	215	171	61	146	223	279	70	71	160
136	289	143	92	308	152	209	234	79	203	141	140	280	247	201	227	270	161	145	90	92	159	284	227	77	189	80
92	147	112	156	207	121	117	152	83	96	81	133	243	127	93	105	85	84	90	65	189	199	136	67	118	269	195	94	158
93	178	113	121	161	293	181	90	142	128	273	104	253	62	82	195	82	172	82	235	167	68	257	220	186	61	251	259
263	222	60	147	162	65	114	130	267	167	170	83	176	279	185	254	165	189	153	185	94	201	107	262	92	270	217
165	145	95	80	232	202	148	91	134	286	338	207	254	128	111	155	195	215	188	191	229	112	77	62	258	214	186
61	142	133	172	331	74	162	252	83	130	242	194	106	324	95	106	143	171	98	235	159	295	178	109	67	197	227
292	100	66	280	328	160	66	72	214	236	111	108	75	105	214	63	131	171	215	87	282	293	190	299	77	143	259	247
137	64	219	263	253	70	134	120	98	166	216	61	214	262	148	226	268	74	65	83	308	72	253	251	94	140	106	84
249	224	226	129	257	83	214	60	210	223	122	104	133	257	330	127	85	308	241	96	150	232	73	242	334	284	64
190	321	178	174	154	110	84	259	295	283	89	73	60	181	205	174	271	249	61	260	136	199	233	164	205	218	129
155	88	131	231	150	119	66	290	99	164	62	269	326	116	98	147	291	205	211	101	296	237	207	95	126	142	147
154	75	192	60	164	83	96	151	208	64	81	179	239	125	268	185	124	205	87	86	71	298	64	247	189	200	235	235
265	189	87	168	60	110	221	181	113	188	69	106	319	345	198	138	110	135	98	220	272	105	141	124	101	73	157
144	168	72	191	264	177	283	227	246	142	240	61	65	100	127	276	246	154	222	92	99	93	87	171	299	133	173	166
111	189	265	286	134	201	62	69	79	165	90	141	156	252	118	187	103	119	135	109	138	107	99	128	73	167	63	126
145	263	111	293	186	92	82	181	225	201	70	205	67	104	280	100	182	233	193	113	106	113	88	81	143	239	109
173	72	213	131	69	295	63	312	87	224	88	134	96	297	200	75	180	110	130	245	96	84	272	78	226	104	318	279
102	96	209	102	121	129	72	183	169	212	129	93	117	97	171	299	181	269	127	129	328	126	179	279	94	93	74	68
72	179	165	70	184	216	192	74	156	146	63	247	207	276	173	77	162	132	210	66	218	122	218	206	84	323	148	137
303	108	185	151	296	105	165	69	137	135	66	274	227	60	255	241	81	139	106	145	111	76	284	159	131	120	68
147	244	194	185	118	82	238	277	97	217	291	133	113	319	320	183	81	238	286	127	99	113	104	161	143	143	190
86	218	78	161	157	130	118	106	285	66	155	181	251	79	208	115	129	220	124	62	98	210	231	97	162	243	76	164
229	168	228	82	117	151	253	289	196	217	164	67	115	75	131	125	264	235	150	256	62	174	106	165	67	157	61
125	150	310	167	199	81	177	142	149	286	122	111	182	75	158	157	94	211	229	208	284	265	230	271	269	95	270
93	280	94	116	92	125	175	160	251	125	92	114	84	89	141	201	243	101	142	300	63	74	65	184	77	136	150	104
91	306	191	67	87	217	323	142	97	225	208	113	154	256	279	287	128	167	136	114	132	68	312	247	96	154	88	67
79	66	170	292	320	311	113	172	143	105	163	322	208	100	185	254	82	126	182	128	86	180	89	96	201	284	286
202	237	283	88	138	162	71	110	124	130	135	126	229	178	111	171	137	158	234	208	100	228	182	72	119	190	95
202	73	204	130	90	115	137	266	60	118	81	143	278	187	121	75	91	277	194	246	104	149	193	104	94	168	262	232
65	218	263	124	268	250	251	279	285	162	290	95	100	105	108	314	173	274	79	77	142	95	219	309	256	289	99
175	64	61	142	243	169	106	253	104	215	198	112	62	77	102	194	150	77	131	217	100	66	303	109	123	194	196
102	126	195	86	252	141	182	112	246	111	146	227	73	326	98	105	241	80	155	71	253	95	107	80	181	135	213	102
122	185	157	61	196	144	238	220	81	219	112	122	74	243	239	321	86	140	93	129	77	74	218	95	234	162	232	128
111	99	212	119	176	62	305	103	78	88	124	99	88	115	120	256	244	99	138	151	242	166	247	165	87	195	124	163
289	72	211	204	95	143	273	70	103	125	146	222	244	258	192	258	277	257	90	197	205	216	182	134	268	108	202
162	235	147	71	178	131	62	173	141	294	114	75	226	218	121	80	147	123	162	183	83	302	76	267	184	279	206
313	168	68	158	204	80	211	105	269	195	118	121	237	268	140	253	90	123	172	95	222	259	89	103	169	94	231
137	131	250	201	110	264	312	259	205	141	304	260	60	161	106	162	254	183	177	104	84	238	333	154	122	137
167	96	185	315	197	91	62	177	295	126	61	120	107	86	127	102	157	287	74	131	154	360	276	122	111	73	155	109
179	79	182	332
