	962	932	895	873	1024	970	933	958	893	897	899	897	1049	965	944	954	687	857	908	895	881	956	901	967	945
954	931	928	911	794	898	921	920	962	958	948	938	917	908	893	1013	1025	924	854	925	900	944	914	909	875
956	973	852	945	1096	914	924	881	889	868	944	935	926	905	891	887	864	846	959	949	898	889	736	896	915	874
841	861	950	834	931	890	848	873	956	959	894	922	897	888	817	750	853	862	950	944	812	901	899	917	943	897
860	849	847	875	881	883	890	998	962	837	828	943	899	1286	835	970	890	886	897	906	885	881	735	968	937	856
951	909	953	959	901	959	967	962	933	907	858	917	914	914	876	905	952	961	937	974	926	935	885	913	927	788
940	870	935	1023	940	927	909	961	934	958	1017	927	903	853	910	971	954	1008	904	889	909	933	954	958	974
959	905	917	979	983	970	922	921	923	934	921	922	959	1046	910	991	873	986	897	926	906	937	936	932	956	927
949	971	959	986	1041	921	926	933	1071	1058	997	1037	857	861	935	975	977	880	878	936	954	946	953	692	900
947	956	954	941	885	908	902	902	877	797	925	983	794	964	910	943	890	896	680	871	786	903	901	842	965	949
974	930	936	941	912	961	890	975	948	787	918	898	881	954	946	906	889	893	863	943	897	921	892	814	869	955
890	729	886	832	746	726	861	941	946	942	907	896	923	898	890	852	852	879	936	944	936	885	890	815	907	903
764	876	935	886	918	895	846	859	927	883	907	891	924	879	900	903	744	886	964	887	902	903	951	710	810	949
962	920	954	944	963	948	965	943	907	892	915	892	916	905	951	786	952	926	947	944	905	922	931	947	955	955
902	901	915	927	980	904	955	974	965	916	700	874	915	895	946	945	960	898	900	920	964	956	968	919	932	922
982	934	980	944	1020	936	930	909	939	860	589	889	965	684	987	956	977	939	842	929	931	918	944	962	950	959
919	911	1018	934	971	948	917	666	899	895	876	820	949	948	751	795	663	944	952	935	893	964	880	937	968	920
963	898	945	713	922	872	769	847	942	757	765	961	889	963	929	897	806	867	917	936	887	936	893	868	893	931
845	943	883	863	894	919	850	805	817	845	882	906	863	499	821	974	492	849	828	780	839	930	855	772	856	870
890	826	866	918	898	871	848	810	882	849	880	857	813	407	870	840	907	898	864	906	880	864	836	921	868	864
934	854	853	914	875	913	864	614	962	994	763	1067	923	1039	955	1012	908	986	912	903	865	768	1108	898	1623
910	869	921	908	906	909	865	999	824	807	840	844	967	794	884	915	954	809	808	959	876	884	891	880	998	627
882	1009	865	929	1009	956	915	847	853	888	863	872	879	808	834	880	839	1256	845	920	878	951	784	856	872
960	891	893	888	833	871	942	876	885	883	934	877	957	929	890	923	849	875	879	947	839	900	997	662	894	1004
806	957	958	844	826	906	820	886	893	823	219	855	825	801	843	757	821	859	912	719	624	904	872	686	887	853
909	834	893	844	1014	849	798	886	848	701	892	735	422	805	860	865	775	884	878	769	883	927	893	889	862	874
866	875	956	854	899	926	991	869	932	798	864	904	847	840	936	824	862	844	891	904	923	922	883	852	956	847
917	974	863	854	837	889	863	872	863	934	885	749	844	862	303	954	914	896	908	864	849	875	932	961	910	852
974	903	500	881	910	948	825	860	952	914	863	945	882	919	517	919	874	936	1040	900	969	882	933	875	974	922
1265	901	819	877	968	904	782	867	1076	969	870	959	949	871	968	833	886	884	883	877	482	944	914	890	937
901	884	921	891	860	911	884	865	871	902	893	980	869	892	776	907	879	988	869	893	844	897	893	950	864	888
702	886	879	856	878	831	874	880	888	878	875	889	872	928	925	882	907	921	905	903	861	829	889	847	896	846
812	653	874	818	869	849	888	858	837	910	857	838	874	510	844	845	887	953	835	869	822	868	842	889	864	819
821	854	1099	836	842	869	849	844	917	830	847	836	535	837	931	817	881	899	845	808	872	875	597	864	874	827
852	920	903	964	859	657	872	871	921	914	869	892	869	863	909	924	815	816	855	860	874	883	889	628	779	879
894	921	977	885	968	892	828	808	893	870	879	834	545	846	847	628	968	925	811	979	857	894	953	907	844	943
900	835	929	759	877	973	914	883	889	857	858	848	948	863	918	856	961	898	890	875	873	866	493	885	1033	875
853	874	904	854	883	903	832	918	856	566	929	523	864	877	953	914	958	882	1262	955	882	906	919	844	902	870
852	796	1021	879	912	857	911	830	953	876	700	875	809	829	918	580	974	866	889	861	902	879	992	846	944	854
834	885	838	844	879	769	845	877	964	871	875	878	870	835	935	870	832	843	848	881	869	821	850	873	979	753
815	877	918	835	884	904	847	882	721	855	867	907	1163	834	845	617	901	844	819	846	795	823	815	943	881	850
898	869	833	844	930	767	838	860	825	855	866	612	947	880	1251	765	866	859	953	875	855	985	802	874	850	912
926	869	879	863	863	918	993	858	854	856	869	901	879	928	860	858	1242	1023	869	861	321	829	876	967	866
864	865	910	845	837	915	843	945	970	971	1004	987	982	688	1027	905	1021	947	939	641	928	863	740	982	1014
1011	903	860	802	928	949	942	963	917	876	916	1000	1025	1036	957	886	907	925	908	1004	891	896	940	961	926
816	940	1042	903	985	987	987	903	1011	905	992	1041	1024	989	1035	1020	1033	1025	961	974	1177	844	1316
1049	1054	1063	1064	718	679	977	1009	769	1004	786	1062	1059	875	968	1017	965	1018	1033	1030	1035	1066
1031	889	795	1041	873	1071	1042	1066	1046	1044	1031	1002	1015	1018	1069	1058	1136	659	1041	1105	1096	870
1072	1015	879	1035	1069	1043	1010	1043	1089	870	1023	757	1047	997	1027	872	948	1020	897	1089	1057	827
792	990	1065	1021	1113	1040	1050	1069	1020	1051	1005	1033	1048	1077	1026	982	810	1031	1033	1010	1099	1085
875	1021	1010	834	1025	1073	1061	889	1052	628	982	459	1069	1012	1078	1045	1058	1036	1004	1008	1027	550
1024	980	1088	860	1079	1034	1013	1052	847	964	992	1047	1058	1046	986	995	1021	1062	1011	1049	1020	1023
754	1009	979	942	1040	1034	988	999	991	976	945	1046	1011	861	931	962	936	680	1062	1047	1020	668	1009	1014
1031	983	995	704	949	722	1053	1040	1032	1075	1025	1004	996	741	922	1081	1035	1011	1031	999	947	892	721
1006	949	995	952	887	956	979	1055	1011	1024	1057	1054	942	982	1025	781	1053	915	774	979	911	1032	1025
939	1057	905	1006	957	1016	978	999	922	1023	942	1033	1042	1047	1081	1077	980	1010	1042	1038	903	1088	903
902	1004	756	1057	1070	970	991	1080	940	1032	1062	895	987	1087	1019	1019	721	1075	986	784	1058	1055	1063
1066	1119	883	1085	1057	1046	996	1020	932	1011	1003	1004	856	1026	1057	1083	1048	1062	665	1068	1018	1014
868	1070	1071	1043	558	980	993	1034	1068	1040	1002	989	1009	1008	1021	1002	884	944	1068	880	1027	990	1134
802	1038	1002	1005	979	1099	1088	1064	1044	1022	1049	1001	924	1051	987	1035	992	995	1012	1022	1051	1033
1073	1054	1026	1058	1007	1048	1056	1073	836	933	1026	1087	1050	773	742	1030	877	1029	989	942	921	1035
1002	257	970	952	928	1060	1058	1059	921	985	1009	908	991	1027	1027	1051	1020	897	972	996	981	628	968	1054
1050	1047	960	1072	937	1002	1026	1012	578	1093	989	1034	1024	879	679	1072	1057	1007	1023	1003	972	970
948	1008	777	792	1021	1066	955	1017	1002	999	905	1059	955	920	996	1010	1013	1058	1036	1039	529	951	955
1018	990	1035	946	1005	969	942	962	1042	1058	944	693	991	989	985	1040	1069	984	982	903	985	1029	1033	1042
964	1014	981	1020	1017	1020	968	1055	874	1029	1061	842	1144	1082	1037	1003	1038	1012	1077	1069	1075	1077
1080	979	1006	1006	1027	903	1025	1046	986	1027	1070	857	1069	1035	1078	1056	844	1020	982	882	1040	1071
976	816	1023	861	1060	1058	832	1017	999	824	1016	1044	1058	1023	993	1020	1055	1007	1048	1057	1002	804
1003	1032	1058	1068	1044	1047	1082	1069	1053	896	1036	1083	1034	1006	1015	727	1072	1025	1093	1069	865
1063	1028	1078	1002	1009	1030	1062	1025	1083	1013	1019	875	1084	1024	975	686	1030	1065	1068	1233	994	1018
1013	269	1014	1051	1028	1047	1012	797	997	889	1052	1036	1067	1039	980	935	1012	964	1010	865	997	872	1028
674	904	989	1029	1010	890	976	1026	1081	1029	993	998	910	1051	1053	1013	1063	653	828	1002	1011	970	1031
984	838	941	1033	952	995	997	1037	1017	1017	945	737	1001	1046	964	1010	999	1023	824	1004	1016	925	953
985	892	1036	1016	1019	1015	1033	1026	954	834	977	974	878	887	975	973	786	918	911	891	985	665	838	1013
1007	1063	1049	1044	948	1017	993	699	1001	1041	823	1002	991	953	1062	1078	1037	1088	1012	991	666	1029
952	1013	1004	1008	1004	674	843	997	913	1076	1056	765	994	1028	1051	1059	861	997	1010	852	1049	1023	1077
1053	1028	741	1003	995	1019	1036	1052	1070	1029	960	1000	898	1076	1048	888	1015	1027	1071	1072	1058	1067
891	1066	1040	1007	1013	926	924	990	920	1059	1029	1045	1045	1051	890	1002	1075	1026	961	1103	1051	1004
1037	715	1067	1066	781	1013	1030	1005	966	1026	1014	304	1067	911	1048	1019	204	789	1081	1080	852	692	1018
995	1065	1056	1000	838	1031	938	1032	998	1007	1011	1015	984	872	1078	953	1074	1035	992	872	1011	853	1062
1036	1028	1020	992	970	987	1071	1037	1040	961	993	1046	1073	1057	927	975	998	898	994	1046	975	990	995
983	941	572	941	1003	1021	931	912	932	942	253	1033	1044	976	1005	937	980	987	1063	917	910	949	928	811
932	986	1097	735	912	965	988	941	970	1082	916	1006	1274	936	978	999	1001	1012	965	955	1007	875	1008	1005
1002	956	962	1023	906	1099	1008	1012	954	936	1049	630	887	1012	973	901	810	1020	1010	1244	997	935	879
939	937	1012	1174	856	1056	1062	692	933	988	1005	994	1155	684	1013	987	998	1089	1194	1013	1034	982	988
943	988	1019	1087	894	1049	954	1070	951	1083	1090	1112	874	1095	1004	1008	940	984	1128	1023	970	1008	998
995	1055	1026	1008	941	1083	946	1087	1030	937	1326	1331	1017	1080	1121	1270	929	919	990	1062	1098	1077
905	1026	1030	797	989	1029	1084	1039	1022	954	1052	978	1061	1002	1002	987	987	1003	971	991	997	997	1090
1177	992	999	730	1060	967	988	1292	999	964	961	980	1065	881	952	983	1108	894	977	974	936	979	1070	973
910	952	987	999	909	834	952	1235	980	978	1017	926	979	1019	963	992	998	913	935	957	987	962	942	761	999
1001	943	919	992	968	935	987	1064	952	944	975	987	1043	938	929	972	964	892	1048	926	860	1018	935	637	1021
947	541	960	1036	964	969	999	980	1023	967	1014	1000	1014	1003	990	954	1015	936	1008	1061	1003	976	832
1045	972	982	1002	985	959	1074	785	1011	1008	1049	1015	1016	1081	741	971	996	989	1010	1006	948	958	979
1019	910	949	965	899	893	999	1004	1109	983	979	1012	1023	1111	1091	990	1085	895	938	1082	911	1058	1024
998	1011	1059	975	970	1002	1009	955	1085	979	975	963	1080	1032	990	955	1084	958	952	956	1091	956	975	957
926	687	983	1079	1096	1021	984	959	897	840	1010	974	998	998	887	1041	987	947	1032	927	872	1046	1032	950
992	1122	998	1009	999	393	963	1557	999	973	990	1063	934	778	1026	964	1000	977	928	987	965	951	981	897
938	922	986	925	956	898	1016	920	954	589	956	942	1009	909	996	929	997	961	952	1015	998	918	982	985	966
997	985	966	1035	969	926	979	996	925	1038	916	938	969	981	1035	1016	987	360	764	935	1015	983	945	960	957
987	1012	1003	924	1012	966	982	994	1064	934	997	966	1010	1017	1021	1106	1031	1025	1008	1028	980	964	926
699	1012	1002	992	1204	999	1067	1009	941	1011	969	892	1020	1041	1018	995	1045	1026	1015	318	1004	974	1033
1000	971	761	995	1014	907	976	971	967	1013	928	936	984	963	953	1092	928	671	985	990	987	1028	944	900	991
1005	1028	996	965	1002	990	995	985	971	842	1002	1005	1047	972	991	1006	972	976	998	1015	1015	974	737	1004
1026	1019	1111	1026	801	984	941	991	942	1010	988	990	962	1012	1039	954	1026	874	944	996	976	922	922	1019
1015	988	944	955	953	913	1014	1019	1012	1025	974	993	985	970	1010	979	982	946	989	1026	1021	991	988	966
1031	965	1021	947	954	961	974	999	944	418	938	906	901	306	938	857	1285	861	837	1005	977	1004	952	962	721
682	999	982	951	812	973	1027	1002	950	1046	991	893	967	627	932	930	1028	1010	1025	939	1001	982	1019	946
969	890	931	979	957	1004	960	999	954	919	950	998	932	968	944	945	949	972	1014	1040	1038	972	988	687	1041
1032	1023	1014	988	1024	1013	1047	1038	992	992	979	1101	1039	988	996	1038	1021	987	1007	1005	1013	960
1027	1009	1021	718	984	962	980	1004	1038	967	1015	969	941	908	1022	980	908	999	983	805	1007	961	1156	1154
1031	987	919	1096	968	1069	1017	998	975	1032	1008	910	1030	748	1056	957	1003	936	875	725	1023	985	984
957	1012	771	1024	995	1007	969	997	952	1009	698	979	1048	1051	958	971	887	1008	1013	997	997	972	1018	920
943	942	970	934	1007	985	977	978	561	967	973	1066	974	947	969	996	985	952	963	985	1010	973	1006	974	922
995	972	932	975	660	719	960	1009	926	981	959	1026	1004	1003	931	1028	960	955	930	1018	947	959	960	979
1023	906	935	1025	943	1041	981	1018	1031	953	940	983	994	985	1050	1003	1004	1072	974	927	971	943	971	963
1014	999	966	1046	1008	1021	1002	923	965	952	952	970	954	1024	1001	615	993	1009	924	980	975	935	1025	1024
976	1012	1034	1040	961	975	979	1063	220	512	1055	928	1060	917	1022	936	1060	966	1018	873	1137	1007	1053
995	950	974	946	965	987	1058	1020	1026	1033	916	1021	1003	965	928	971	1053	1022	1011	984	998	937	924	996
988	975	1010	980	891	1040	980	983	983	1003	997	1005	1027	987	952	972	961	980	999	1018	989	1383	990	1066
905	972	823	914	1042	848	985	765	967	1032	989	1023	946	913	972	957	890	1027	927	895	968	984	1004	1007
936	955	967	930	978	999	1002	986	962	944	936	930	977	976	975	1116	914	950	896	866	990	975	972	987	984
942	927	936	932	808	972	982	953	997	913	826	973	872	947	962	955	973	974	980	897	923	970	977	642	796	919
890	991	1026	1025	995	1036	1003	1013	1016	1011	960	963	992	1041	989	1028	991	964	929	1065	825	1089	980
1048	978	1004	998	974	273	1010	1022	964	945	1022	951	883	1009	984	986	1050	1012	986	985	1006	1012	842
1012	1025	969	973	945	1007	962	1001	1040	966	976	1026	1006	1010	1022	1013	988	966	1030	995	926	899	1198
1029	990	997	959	960	913	1050	949	216	994	1093	989	1018	1015	1005	1013	994	1005	956	1016	1033	1007	1029
956	972	983	1005	1018	1002	929	944	997	723	1035	1009	1046	978	978	971	1008	1003	996	1020	957	965	1008
1034	995	999	993	950	969	1104	921	963	932	1055	986	1067	1035	1024	991	989	932	947	968	963	964	951	985
1011	766	966	954	970	976	709	976	925	901	966	1002	992	905	970	923	993	996	980	989	934	945	975	951	949
1032	932	922	1020	916	922	977	979	973	964	981	988	999	926	983	913	924	973	882	944	974	988	902	919	939
956	962	983	936	902	915	974	984	986	972	980	1017	1021	966	968	963	806	1021	1065	963	962	965	1010	1027
1023	967	1121	1010	942	965	942	1016	999	1012	1016	1030	1080	1019	947	973	971	967	1017	973	906	1019	1006
1034	975	955	959	982	1001	1005	988	951	959	936	996	985	743	1001	963	504	963	984	990	936	1029	979	1032
967	979	873	1030	997	1023	957	1003	961	985	959	983	1037	1004	1013	768	1003	1008	1151	955	974	978	1002
982	1032	1010	1016	1002	947	1000	951	1016	1080	996	964	927	945	902	1032	1010	1015	1021	995	1036	987	1017
1005	957	974	949	983	1009	1019	954	932	929	996	957	959	965	950	959	1002	1013	1017	924	983	965	978	954
941	925	950	855	982	963	821	893	844	971	990	987	922	936	936	969	764	1016	941	935	942	980	930	1052	1023
946	969	656	1026	975	975	1014	885	916	919	771	930	963	1001	898	985	983	760	985	1000	941	926	667	997	941
999	967	1017	977	1002	983	821	921	926	689	741	984	926	928	923	991	973	983	958	970	860	963	716	1013	1028
965	967	1021	1018	969	1028	947	756	954	955	987	970	1011	998	1068	992	1038	1019	951	819	958	964	967	855
1002	1010	1020	998	996	203	1017	946	945	969	999	994	974	939	934	936	991	1003	1003	989	981	1003	785	1019
1007	979	982	771	1014	1030	997	956	969	958	990	953	1051	1021	882	910	1011	1032	1019	1027	974	956	974	954
992	959	978	1001	1025	999	1034	998	1041	953	943	696	996	999	1020	956	945	960	927	886	993	1034	940	1013
1033	877	993	968	946	928	1006	990	982	819	969	963	935	937	925	930	1020	1024	974	981	956	876	962	961	921
942	904	942	973	1033	991	1012	925	1066	918	959	891	945	991	974	936	990	921	856	1009	991	982	886	709	953
846	865	898	896	936	976	886	865	969	945	909	924	676	969	1232	831	809	872	936	913	965	919	888	1001	922
995	965	861	727	911	913	950	930	910	966	952	840	879	891	933	637	879	1053	974	917	997	941	984	1084	1004
962	850	938	948	942	1013	916	947	929	1064	971	1027	1284	1057	1078	1068	914	995	966	1053	947	1077	967	1139
979	330	1019	877	956	1030	930	1161	953	1031	1046	975	854	1103	1079	983	957	1018	1092	966	973	957	996	1005
891	999	979	887	947	990	1023	1000	1038	964	835	1123	986	1012	979	346	1014	1072	919	990	924	646	1031	952
1024	935	881	946	1046	938	965	979	880	944	1063	922	947	1091	1290	885	1050	1132	958	1051	947	910	921	953
855	994	992	988	950	933	946	954	1047	984	1011	995	923	853	1004	693	1017	952	979	877	893	970	967	890	917
925	836	1004	1003	924	960	953	933	917	1002	919	977	904	848	956	973	903	893	895	849	935	946	896	977	965
834	732	925	917	845	932	970	967	898	323	919	955	930	963	976	957	935	1031	964	907	923	920	934	922	970	328
992	864	893	904	914	844	1053	929	945	882	755	963	1103	927	966	1059	948	978	1063	939	696	909	948	1062	897
909	924	989	951	932	1013	766	930	960	955	1007	874	1005	721	947	986	958	1213	1049	1026	923	1049	823	998
1093	992	1019	908	885	943	999	950	1060	969	356	1010	971	963	918	412	963	959	1087	1033	922	929	926	980
1003	310	958	938	847	1017	998	1001	827	701	956	1073	998	868	999	1167	985	993	951	983	985	1038	1018	1022
893	768	980	913	988	924	1000	955	1160	935	966	854	973	1042	1045	1003	961	980	976	941	1047	986	1009	1073
946	989	972	898	916	950	855	987	983	912	977	946	846	1017	930	900	957	990	914	992	842	852	869	949	952	971
904	903	931	984	891	935	830	842	926	990	939	1140	906	915	946	633	919	858	842	846	905	949	914	857	970	904
895	941	936	904	935	753	966	973	914	930	934	967	996	887	919	905	949	919	944	1194	977	984	974	983	894	930
938	909	963	963	967	863	957	966	913	946	884	673	944	877	963	962	883	912	923	928	928	1023	937	977	994	977
995	942	904	949	994	1016	953	992	987	902	978	1112	999	977	991	988	1002	929	966	988	961	932	925	1000	1017
1022	849	1007	939	967	976	962	865	937	1030	1000	1014	989	638	971	957	947	926	951	966	929	909	945	968	1015
1015	1003	966	965	1056	980	1029	957	981	1023	1006	1018	957	993	1043	959	1006	942	943	1016	954	998	998
982	1075	985	989	1001	947	958	413	954	1016	987	979	939	948	931	965	1000	856	935	920	932	1015	985	844	1010
940	894	997	985	856	943	927	935	948	966	928	905	879	927	936	957	991	860	912	947	985	956	984	903	853	867
950	959	976	842	909	674	847	895	923	970	880	935	980	955	894	676	960	913	996	963	882	918	973	964	971	748
1005	877	917	946	941	974	967	954	623	905	904	940	928	948	943	982	974	1004	988	1002	878	908	911	908	928
937	990	968	979	965	1039	973	903	922	940	948	986	1036	877	912	931	949	979	980	945	952	982	952	533	1031
1014	1054	663	947	985	963	1007	948	597	967	959	964	984	1005	981	998	1006	992	994	996	961	949	951	1036
962	1037	942	1035	990	1025	961	1011	941	928	907	993	1005	1007	926	663	925	882	998	1018	951	934	1005	1037
1035	985	972	962	819	995	1012	995	954	947	958	955	949	924	1035	1003	997	1011	986	990	997	964	964	942	945
936	933	647	967	1008	951	1026	979	1011	936	776	924	1008	987	1005	945	926	923	1026	795	1008	939	916	930
998	911	900	913	839	1053	967	813	991	940	941	930	769	898	888	897	976	1030	891	861	858	866	976	930	830
930	927	923	968	991	962	893	919	891	895	795	933	983	947	908	871	547	855	1000	1003	826	894	974	879	1021
734	1040	997	1055	1056	1001	1041	1092	940	937	939	955	949	1016	1039	924	949	921	921	981	1051	965	964	995
1007	941	982	950	939	886	1010	929	834	962	757	933	955	967	938	1051	937	957	1028	647	954	916	766	1014	998
916	976	955	1050	1104	975	1049	1376	898	1191	986	936	1013	934	1120	1101	985	949	1037	893	1102	1237	1043
994	1001	980	1033	1035	971	986	954	905	1018	983	953	973	1010	896	1013	1039	917	1121	1027	710	1040	1051
864	1022	1025	1056	927	960	1065	922	968	1045	721	981	1041	777	1020	945	991	750	977	972	951	669	891	887
950	937	725	737	972	970	1000	989	969	945	629	643	931	937	921	875	995	951	922	931	1042	813	861	1271	1033
1014	959	1022	669	917	914	904	873	869	956	827	830	876	630	833	928	869	942	898	754	866	979	943	641	895
617	864	1073	932	986	956	861	850	933	945	925	815	862	849	835	915	791	873	921	832	862	932	706	989	882	929
882	892	961	809	909	959	917	977	979	951	930	980	968	956	880	958	903	976	868	1005	1044	911	915	953	1024
969	1014	929	963	946	860	970	966	980	940	863	1006	732	893	943	874	983	623	900	924	932	955	975	894	893
902	870	991	1025	944	939	668	1067	1001	991	1103	1039	771	1109	980	955	1036	949	1080	1064	1019	965	953
931	1106	1102	747	877	992	984	592	1068	1006	986	967	934	1126	1060	874	936	853	981	945	1139	969	875	1026
949	1045	924	939	1022	964	945	897	929	907	907	916	758	881	1043	891	1047	995	980	931	967	929	859	967	938
884	899	996	891	950	1015	936	949	990	982	956	967	801	907	946	897	899	962	987	993	936	948	1067	882	1008
1012	993	962	966	936	860	899	982	931	891	941	851	979	902	607	985	937	959	894	828	887	904	950	954	891	822
863	713	938	941	874	927	893	946	949	961	851	886	668	904	948	937	899	927	960	851	902	930	1033	887	941	935
889	898	932	997	1028	1021	952	989	1003	976	1005	1038	946	973	883	973	949	993	954	993	982	949	935	955	923
974	962	903	914	966	978	986	978	866	703	910	813	965	951	955	797	993	916	909	951	871	958	974	945	1061	919
877	550	1011	927	1044	870	713	1008	989	893	1036	967	1059	975	944	949	882	1036	1007	987	981	927	892	1064
955	966	1000	987	837	1039	761	934	951	673	878	1058	965	974	941	933	989	907	782	938	907	897	904	1036	1000
945	1030	1019	882	954	861	1048	954	871	923	1007	944	1043	952	926	996	886	883	929	876	937	925	926	878	902
898	940	890	950	989	989	971	703	1015	819	954	927	906	909	795	810	933	752	835	911	407	828	1002	915	691
821	1031	896	921	865	938	878	832	934	852	854	976	609	823	953	908	914	900	853	988	918	961	967	733	873	846
914	776	943	699	858	937	772	887	901	914	748	720	924	716	938	917	754	952	831	925	1033	896	832	948	906	908
911	284	1014	1010	944	985	981	968	299	1026	1042	982	951	939	932	952	1000	909	806	983	951	863	745	930	973
967	1034	877	852	832	968	986	1001	1020	915	738	950	907	885	979	872	942	925	881	887	965	948	938	926	715
985	812	1043	1023	935	928	984	609	1076	763	972	1038	979	947	946	911	1031	1009	983	975	895	936	1026	978
788	906	976	1026	885	681	945	965	947	1052	1074	919	722	931	944	991	944	988	940	907	954	967	920	1005	711
908	957	732	734	964	687	925	878	1001	1041	939	940	990	867	961	940	952	915	988	934	877	934	959	853	943
745	867	813	988	977	965	1010	973	919	942	898	862	672	919	880	941	902	930	852	644	870	1018	964	644	961
588	868	962	1017	664	887	907	953	934	1061	1060	928	501	1053	953	994	949	889	745	944	986	901	656	845	1117
944	920	971	953	905	977	1046	977	915	877	924	902	936	1109	957	930	1003	1004	952	929	951	982	987	883	944
886	955	1002	1019	965	947	963	961	1001	1120	1071	962	1116	1102	1176	955	1072	988	944	995	1047	902	1079
951	990	922	876	1048	930	979	1043	1007	931	1216	1011	924	1004	981	909	257	815	974	980	1042	180	944	978
846	988	860	977	923	1035	1044	988	953	939	933	1028	949	1039	981	1028	1089	1117	1003	1051	989	1076	999
1356	956	1032	842	974	909	1086	1061	1136	1007	988	953	1084	996	977	951	956	905	960	1303	959	893	986	952
947	1044	852	1027	952	946	868	910	949	991	982	879	927	885	1009	1015	940	576	916	896	1049	1022	972	976
946	885	1059	973	944	909	884	885	1042	926	1007	1048	968	989	950	839	914	983	901	908	889	934	893	940	963
925	866	901	935	852	952	868	850	923	822	1021	1011	897	940	959	956	1007	968	892	918	898	951	1043	766	982
986	1105	977	1063	913	939	954	962	939	872	946	992	970	943	1045	1001	904	928	916	927	945	1060	1053	1000
988	939	948	943	974	1045	996	935	633	981	1031	1014	1098	962	957	987	1023	974	1022	1079	1030	987	1058	1015
983	1105	1039	995	1008	1227	757	1060	959	1004	941	822	952	1081	996	1096	1014	1045	1097	1054	931	953	959
876	1065	1254	1010	851	1015	963	1104	1017	1017	1065	1005	915	385	1020	993	1039	968	938	928	1018	1062	1044
995	1032	616	945	930	995	936	995	1004	944	908	681	887	925	950	952	934	1017	1072	999	1001	931	970	943	926
951	975	929	1031	908	932	874	883	973	904	945	952	958	908	901	969	702	947	964	880	738	987	921	948	930	869
892	1013	947	650	939	982	952	1483	950	967	874	864	910	940	1005	973	971	964	935	975	938	920	908	907	869
627	882	975	935	905	930	824	886	939	675	949	636	733	880	960	1015	729	904	939	946	969	984	1015	926	935
935	969	987	969	946	975	999	965	929	636	958	931	933	909	989	1001	973	960	1016	1020	932	930	835	930	956
932	1021	699	996	938	738	926	1005	1023	986	990	1040	938	988	915	1093	983	953	1000	1179	939	942	1012	960
973	956	932	987	1023	999	1052	986	801	958	984	953	876	929	1000	989	957	994	995	1035	1007	931	1027	935
944	967	1052	945	996	966	933	970	951	967	914	999	987	946	890	607	1001	989	1006	943	943	962	1039	909	1008
970	940	950	1023	1005	1020	977	1003	761	956	938	996	929	934	936	994	1018	1000	1002	985	989	955	959	949
943	929	762	923	949	862	972	960	921	908	567	977	947	641	921	894	678	748	935	937	611	630	889	983	913	934
925	875	970	1000	969	923	919	943	784	954	915	881	876	941	804	932	991	967	689	923	681	651	963	907	890	877
913	899	932	918	940	960	870	909	978	870	870	979	866	881	936	948	999	1006	915	946	934	958	972	982	917	946
926	937	975	908	985	962	853	851	902	899	948	925	912	954	1084	971	961	998	985	984	876	936	923	946	936	965
1093	984	959	968	941	614	891	936	965	992	910	944	870	943	930	1042	998	978	983	999	965	985	965	945	1057
993	1007	911	972	911	959	904	992	928	1007	990	1046	946	988	964	981	933	996	915	947	973	1055	964	876	1017
1013	915	989	971	978	988	972	956	941	934	1017	1016	949	954	946	929	814	995	989	978	1005	935	938	958	976
818	909	954	620	978	884	926	981	1020	904	983	992	982	628	946	571	960	623	942	836	653	993	1034	1041	963
954	941	983	936	994	1007	975	956	922	890	957	1231	932	917	889	930	928	881	985	892	926	944	919	925	578
885	874	913	936	1376	1500	800	904	890	961	1086	954	398	1207	878	923	817	947	945	1045	938	901	1065	921
1503	689	878	1063	1195	889	973	1155	904	911	1050	926	843	1638	973	932	1005	1302	1009	832	1197	1059	1018
948	938	1004	1323	967	1017	963	1569	979	1024	1288	1071	933	1004	1037	1106	1418	1112	941	1009	937	1151
1055	931	988	958	819	1085	526	1625	704	834	1211	1028	863	650	1175	985	932	1142	1123	1003	967	956	1030
860	984	1002	1053	974	1024	1000	991	1078	1093	1032	1039	984	771	1150	1101	1033	1016	1043	847	258	1247
1302	1023	1113	1029	1037	1019	1028	927	1040	936	944	1112	1119	747	1083	261	959	1507	1161	713	1064	1043
346	1086	933	934	944	859	973	974	976	1003	944	950	929	966	1000	913	965	978	954	897	1018	917	1004	938	959
889	1258	919	1105	916	943	945	1299	958	1030	964	1037	966	868	1270	987	1108	883	1102	956	877	1042	920	896
872	958	900	904	886	911	870	878	1001	892	880	994	904	941	1072	877	999	940	1001	987	1001	894	898	945	1065
961	266	1052	879	909	913	991	935	1418	1172	1479	1451	927	395	936	1037	1076	774	1086	977	1049	1237	916
1416	1006	1334	1081	1016	916	958	1038	1216	931	860	1070	1025	956	972	1069	826	972	929	931	944	584	994
1321	1051	1018	940	1166	968	1359	1044	1036	999	1112	921	1064	1076	945	958	551	1087	1003	1031	1455	338
994	1196	1486	977	571	1567	724	997	725	1704	1026	966	1008	1024	937	967	933	978	1054	1018	984	1049	1009
955	911	1052	994	1024	1045	923	915	1000	974	985	961	1025	409	967	1089	1012	1403	895	545	1016	1108	894
1015	1046	1444	1064	922	673	1060	929	588	1614	1052	945	790	892	996	986	990	898	922	941	874	996	1000	908
946	948	889	1045	1017	957	982	914	916	977	979	959	956	890	879	870	1085	956	994	881	903	880	1043	910	945
884	877	906	949	989	891	962	916	875	960	966	865	894	939	898	924	770	970	887	956	957	910	944	1014	886	955
970	930	950	956	925	907	1030	901	900	875	918	916	1022	968	1041	1046	978	925	925	989	939	995	1098	974	855
1004	996	987	965	985	884	983	895	912	945	893	1088	911	978	956	975	939	915	952	969	881	1009	894	852	970
1000	988	992	876	719	976	953	874	1203	970	992	877	1053	1016	1432	1021	735	893	1057	1025	1343	1012	1092
1099	1007	950	1033	969	1392	996	1050	1099	888	1082	942	1064	1081	745	981	988	988	964	955	942	967	1009
1006	944	969	940	882	1030	980	985	959	1006	962	1053	974	968	983	1019	920	1101	926	990	944	976	980	1023
969	1000	1024	1190	936	936	927	1008	992	989	983	994	891	972	981	977	957	970	975	985	899	934	950	867	995
988	908	955	952	888	993	994	730	1009	916	953	891	877	930	1013	961	981	904	903	917	977	915	940	876	880
909	1019	955	873	891	969	943	884	919	865	887	902	939	884	882	973	918	930	922	942	943	945	917	925	911	932
880	876	931	934	936	948	950	906	932	899	871	931	983	920	1024	966	893	955	973	990	895	886	993	914	976	920
999	1022	964	929	673	1006	888	994	978	1068	925	957	1067	901	929	940	903	1029	981	934	979	957	926	831	737
960	787	973	1010	983	982	1048	612	972	953	1097	957	973	978	1000	935	1042	1066	1000	1006	1118	927	942	1081
1030	976	1081	1017	885	1249	972	1028	957	861	1002	933	1065	997	1028	1036	1009	965	939	943	945	948	978
983	975	980	952	956	951	1012	1274	1007	1013	975	1072	942	969	962	988	977	1054	959	988	1015	973	944	1031
922	962	969	1642	966	985	1006	1006	964	970	962	720	990	995	988	952	976	1005	979	741	934	783	850	563	326
860	907	958	809	860	1043	872	548	919	1009	820	822	750	840	929	977	882	865	845	887	928	943	216	812	854
841	961	951	883	855	891	893	1019	932	800	859	969	878	857	942	859	847	968	873	890	902	879	898	975	979	838
862	846	931	955	963	884	894	919	909	725	919	913	922	886	994	860	973	241	831	933	809	873	913	826	931	938
858	928	872	828	921	892	937	902	955	908	902	869	953	916	813	934	975	911	867	958	1033	963	923	877	908	985
997	981	925	997	514	929	837	1055	856	956	860	295	524	884	940	851	959	805	967	990	445	956	1032	963	906
850	859	897	1191	870	864	951	942	962	872	838	847	881	814	902	953	888	905	955	893	916	968	940	835	877	906
911	947	905	847	732	890	903	821	960	796	937	968	841	934	923	948	950	968	883	888	965	928	966	842	901	962
878	899	854	905	859	1021	852	790	855	889	868	922	1059	909	881	770	832	890	865	896	942	781	820	936	852
886	870	815	782	835	838	765	934	934	831	774	837	910	923	885	812	775	840	901	878	900	939	864	808	807	882
884	894	862	809	846	849	887	970	345	941	941	841	865	941	971	921	964	855	903	482	973	971	955	879	911	886
858	898	952	898	929	931	892	925	930	873	842	856	867	1016	902	889	855	964	957	942	882	975	904	880	937	952
851	868	871	826	853	922	973	862	873	919	907	912	879	876	831	923	886	1021	979	1012	898	1005	851	1012	862
883	901	963	950	978	902	984	954	997	968	843	899	913	896	854	905	917	924	893	857	923	896	849	926	854	802
968	842	833	889	844	906	918	986	958	952	967	944	688	528	901	865	987	829	944	851	913	881	888	805	878	1184
907	933	552	856	931	789	846	874	907	832	913	966	840	955	824	944	909	900	821	844	824	854	914	853	823	798
866	831	814	900	806	833	874	863	264	920	799	859	916	852	903	949	820	789	835	840	460	881	926	882	861	900
916	933	863	390	846	890	840	876	940	857	867	892	908	941	939	807	837	876	828	864	813	887	905	826	890	900
842	973	894	898	966	970	979	900	905	916	980	971	992	821	945	777	905	825	967	939	926	943	1024	957	934	758
931	903	868	890	845	933	964	944	953	887	952	960	965	882	885	874	929	944	828	869	849	870	781	863	850	962
911	981	876	966	941	898	893	951	983	975	794	967	856	977	839	914	847	963	966	977	268	983	777	901	900	728
903	935	739	870	961	943	977	890	958	831	935	916	917	895	943	858	862	873	607	870	885	925	931	889	874	970
961	930	949	908	875	874	954	926	905	832	890	874	878	732	986	947	966	184	924	928	961	855	956	700	863	866
969	959	947	963	898	940	897	919	708	842	906	911	844	801	797	842	817	837	296	884	825	843	877	870	895	925
807	794	860	850	872	945	788	808	842	877	887	882	878	861	897	910	929	933	811	790	838	889	873	877	875	893
894	900	935	933	962	810	838	890	893	911	926	935	851	855	874	895	900	915	903	902	958	965	954	973	908	910
921	974	968	757	903	852	911	864	915	829	948	737	1001	954	941	951	964	902	871	913	878	880	906	909	861	954
951	960	958	953	900	888	965	939	858	919	883	874	868	917	925	920	902	919	966	915	979	911	912	882	957	967
974	901	948	916	877	929	746	964	917	977	953	963	861	845	859	927	904	738	904	972	953	962	965	879	977	917
896	866	889	931	952	957	892	741	895	949	930	797	884	743	964	871	663	902	951	935	842	951	756	829	841	965
933	901	894	905	902	926	893	898	837	965	881	942	821	833	939	926	807	885	879	930	874	954	914	934	807	841
952	867	932	961	910	880	944	869	878	904	896	846	908	949	843	939	867	881	905	929	955	885	862	895	1499	904
973	291	1082	1109	971	900	786	711	855	969	902	923	941	864	944	976	1029	896	926	912	893	928	944	958	943
1001	1008	895	983	890	892	1422	1021	902	1245	1008	953	986	955	892	962	885	1031	930	935	911	899	894	960
941	1041	1046	913	1014	938	917	1010	917	890	995	832	1050	928	1501	1045	971	664	1005	1142	1382	934	954
1062	1007	954	522	952	1009	853	934	1009	1122	1013	1114	340	735	909	961	891	858	908	961	1031	971	907	935
910	888	1055	985	951	931	970	938	894	961	945	929	919	962	941	1031	1033	861	941	935	882	952	1036	871	890
963	1112	1031	1035	1049	1021	1076	1030	466	592	569	1432	1010	943	871	932	813	936	946	910	886	891	843	975
973	881	903	927	908	826	837	843	1018	912	950	896	906	901	1041	850	894	854	859	797	975	943	912	946	894
895	913	889	830	1038	952	910	927	967	945	840	855	941	973	927	859	888	875	927	956	832	865	888	876	924	969
960	852	953	924	908	899	904	940	945	952	947	929	942	863	896	890	891	946	894	901	924	828	939	922	927	1055
862	887	893	1039	874	940	1063	835	939	995	923	968	967	744	894	890	954	956	940	941	896	892	963	949	955
912	891	903	912	932	409	937	1026	894	960	958	945	237	928	1064	922	904	922	900	950	954	1112	955	986	944
1027	1035	917	978	847	1173	942	886	1046	952	1001	977	961	973	703	952	872	848	889	948	632	944	899	978	885
973	972	800	997	972	981	1014	540	943	822	939	902	789	772	953	267	997	941	921	955	505	564	944	991	950	980
952	1034	1044	841	988	1002	889	925	871	645	792	979	808	717	502	977	975	963	508	891	782	599	758	983	733
1007	871	765	1032	974	513	737	992	960	990	841	816	994	1022	977	810	1008	989	428	986	1000	474	829	889	747
852	1045	970	911	872	1049	965	985	1007	792	894	821	1002	993	948	1033	1051	897	937	999	949	467	949	1020
354	1009	380	483	484	571	1001	614	872	881	823	648	1051	810	1029	904	989	1039	804	1005	883	398	543	1048
496	971	1000	488	435	897	1065	985	915	621	224	1038	949	949	877	1025	928	858	1021	941	885	966	1025	964
844	908	555	924	939	949	1070	765	1048	976	1005	945	954	699	1014	930	941	836	913	939	510	705	953	934	898
968	743	949	731	276	1026	752	947	410	579	682	859	958	893	1035	359	998	968	993	956	1043	891	986	998	985
763	850	914	960	888	972	1149	380	985	936	977	586	676	893	276	598	1042	728	983	634	966	804	955	514	1034
1001	1025	981	925	992	975	1330	1040	941	1363	669	1040	443	1019	801	184	998	495	993	859	976	765	826	858
958	1044	1056	707	1047	863	959	1006	601	985	663	875	999	1032	902	1011	928	1024	930	1051	978	846	863	949
959	1001	1014	904	745	612	859	932	951	1141	982	441	968	431	976	968	594	936	1440	972	657	606	948	955	985
994	873	847	605	592	945	954	638	992	1001	271	942	973	447	938	693	499	1024	923	557	687	933	981	917	948
903	758	940	1019	1029	935	756	948	1009	592	946	861	496	923	1000	447	956	936	493	825	619	978	974	928	995
883	758	483	786	808	976	906	993	946	725	907	927	980	962	837	1002	946	997	973	997	986	992	971	973	733	812
686	724	625	984	947	995	957	777	988	1017	1009	934	930	785	322	910	986	940	487	640	999	881	992	646	925
1009	878	925	1001	936	905	972	965	999	1010	899	289	989	560	951	584	1021	964	914	950	961	852	891	894	938
895	802	961	947	918	966	972	934	831	1002	1004	888	1029	1002	995	537	705	921	967	1003	807	872	562	268	913
336	976	874	1011	981	1013	487	991	811	912	927	991	975	925	966	927	1019	591	955	700	873	713	879	1021	766
938	947	896	965	886	950	924	928	886	919	982	334	1001	1006	999	948	922	739	800	960	942	974	528	923	950
945	966	824	949	793	945	971	945	946	536	381	519	918	954	981	882	691	937	948	953	533	835	418	933	1038	999
991	804	890	918	741	983	880	980	873	1050	1070	867	996	910	289	1018	728	1017	939	822	885	414	814	956	913
608	793	834	1020	983	443	1022	929	904	970	972	984	982	931	960	528	655	676	759	998	934	770	985	971	351
953	1005	565	955	1001	981	614	379	616	986	998	1006	623	553	681	1167	1049	992	989	978	885	602	1003	522
1044	513	753	1046	335	488	574	1454	876	1054	936	296	873	1045	721	1041	779	987	864	798	670	877	990	987
987	1044	1024	674	752	997	253	979	950	576	715	554	609	525	1316	832	982	813	705	362	1031	677	385	628	974
957	1001	782	735	479	757	1006	663	1041	792	1221	395	343	895	648	947	666	671	917	985	1004	1040	1039	668
984	835	984	919	1016	956	950	948	977	341	540	969	957	860	1015	298	535	414	956	821	1002	905	360	613	554
985	933	405	534	809	921	383	460	929	952	915	233	976	956	681	917	493	709	533	474	496	239	590	1005	487	477
959	533	531	424	987	828	974	526	217	472	998	472	983	481	498	655	527	510	965	559	869	553	539	542	548	467
552	474	545	979	836	996	810	558	965	476	589	626	910	992	308	476	426	423	725	873	529	540	544	980	992	937
541	836	487	958	476	687	466	991	804	523	517	439	197	963	1011	387	457	478	972	566	486	965	922	415	603	926
826	531	532	364	984	269	1009	450	557	513	949	507	730	400	906	479	417	460	1013	480	938	978	1012	282	474
395	530	1008	475	993	680	455	1007	969	964	924	533	952	491	385	929	899	502	515	868	817	951	885	995	324
481	197	993	483	661	928	326	405	601	399	648	1032	695	495	482	749	503	1067	487	964	946	1046	820	378	922
1340	889	962	229	450	636	1029	900	819	981	858	638	632	690	698	928	1021	952	971	760	885	896	646	668	677
1036	1020	394	951	1048	649	677	820	738	611	822	609	364	928	884	900	961	961	898	328	978	1030	941	791	968
633	395	756	973	973	612	848	349	658	395	700	625	875	926	998	659	940	747	473	704	685	688	858	682	701	919
601	906	720	657	900	960	681	630	695	690	628	986	500	852	1018	960	970	916	806	945	811	933	650	930	898	373
966	922	629	668	904	724	996	657	891	786	926	970	980	588	760	686	343	656	930	1036	989	689	956	795	597	442
322	627	956	904	431	679	524	534	542	831	920	544	819	775	794	653	1023	381	641	949	525	343	1017	672	519
956	958	998	615	1012	650	1019	605	838	480	772	902	946	613	658	647	1017	641	935	705	959	596	1254	976	961
913	773	978	995	644	681	936	445	902	347	346	391	383	797	454	966	564	644	682	726	989	982	554	618	228	369
321	950	842	387	848	971	697	642	664	667	665	625	822	956	695	965	663	616	751	502	963	718	889	653	334	516
991	958	982	632	658	970	555	863	662	973	374	1005	576	615	320	993	605	653	382	994	945	605	642	811	1008
637	665	949	603	649	950	996	970	767	379	648	468	994	209	942	600	483	879	773	906	578	506	581	973	991	751
665	580	613	648	363	1001	997	654	367	357	982	603	959	1038	972	979	891	958	341	590	529	574	936	891	199
336	443	370	990	729	935	853	982	859	973	908	367	643	758	995	513	953	1002	349	519	581	572	905	941	982	991
1003	513	755	913	728	505	750	576	918	914	366	912	588	568	1023	592	949	1031	935	720	256	549	324	1009	789
1170	954	1093	776	873	878	453	532	361	556	995	943	970	916	632	557	521	934	821	902	458	507	733	931	943
860	964	534	925	515	536	537	879	967	986	528	539	522	662	823	294	436	553	473	553	555	563	1329	941	974	891
957	463	492	558	484	574	560	416	555	973	903	516	510	487	665	681	675	764	707	552	948	991	1024	480	546	975
822	989	491	989	503	985	551	552	277	849	538	997	500	483	916	892	963	539	965	961	523	545	437	540	961	531
518	966	993	975	966	541	859	530	524	558	881	946	757	544	529	547	983	969	953	490	560	920	453	934	524	559
411	808	1360	929	971	832	923	554	883	741	376	746	257	530	736	560	540	1073	938	714	933	536	975	740	335
741	517	978	939	826	990	976	932	523	705	342	923	848	409	894	520	514	929	650	1007	1019	908	956	733	809
812	826	448	907	927	949	272	1028	330	968	491	205	897	983	846	909	642	918	977	392	1004	945	942	325	934
505	866	966	919	252	984	1002	734	485	962	665	782	865	941	1004	897	527	973	858	685	407	1028	907	843	991
558	1242	906	979	917	928	968	517	199	731	878	926	200	329	870	945	484	537	356	603	1013	993	546	965	602
904	960	602	546	907	968	201	634	467	982	936	856	692	573	842	535	958	788	402	828	555	980	976	454	948	279
315	930	592	951	595	954	280	966	984	569	288	523	562	942	538	1012	605	438	369	266	941	929	763	246	548	425
846	459	875	292	807	922	304	949	382	684	894	969	181	891	279	543	979	1020	445	940	281	501	1000	914	468
969	439	1010	723	902	483	435	726	926	710	471	672	928	932	852	951	713	557	525	1008	735	1027	969	967	994
289	928	914	937	1023	991	512	806	941	949	1013	932	884	918	1008	965	767	939	812	787	596	980	933	1021	981
888	825	951	835	920	709	957	968	732	556	1015	793	915	946	875	965	875	424	662	999	955	839	955	797	918	429
882	1005	901	578	950	975	993	1030	856	956	953	807	1022	1019	570	929	952	1009	997	317	221	958	935	587	947
986	1015	358	803	951	862	341	878	970	874	891	594	941	847	997	936	1043	943	989	291	879	988	1020	835	790
1010	918	688	983	504	310	890	256	992	994	569	929	930	913	923	780	891	687	857	863	678	317	266	881	938	893
818	973	923	814	893	937	940	283	784	986	871	902	921	981	768	916	413	1007	891	531	755	928	247	556	742	988
594	573	957	1020	897	593	1024	966	994	554	996	917	658	961	406	962	566	966	907	836	963	983	933	983	859
880	946	804	981	822	1492	488	812	895	1008	428	942	900	971	791	930	1019	571	992	789	1020	1005	198	922	368
985	206	829	321	568	907	953	666	848	931	741	929	952	862	972	952	949	937	1003	958	191	1014	953	916	566
843	1428	830	960	1004	971	879	1377	586	972	810	592	955	249	939	983	925	974	764	937	964	574	553	995	1008
865	966	550	636	930	524	873	449	725	533	930	573	546	576	529	631	957	482	968	953	555	892	912	822	397	905
994	349	200	958	912	964	965	575	442	968	474	873	884	752	950	919	817	641	852	881	868	971	330	439	916	952
869	989	799	928	901	1005	969	385	960	970	900	802	930	375	983	939	559	978	997	978	1001	947	870	890	914
995	866	878	947	407	875	709	932	1018	978	829	585	485	940	894	827	368	915	968	600	848	656	1008	858	658
957	776	417	892	1009	935	872	974	1000	756	907	849	944	296	352	798	819	1022	882	957	1005	916	706	958	892
1022	1015	854	789	918	1007	1014	944	852	945	930	822	598	240	954	899	555	925	908	933	933	847	540	433	987
371	906	251	1023	1038	599	445	184	936	944	942	233	719	1033	226	1014	644	909	800	922	1004	982	902	946	700
973	998	1012	574	620	913	1017	939	1021	1026	960	896	948	910	831	860	799	580	890	277	565	911	936	320	287
586	452	568	1024	545	1162	848	1013	245	982	306	938	304	946	947	997	569	909	184	490	792	275	552	836	891
1013	231	939	840	1031	957	986	634	1025	1028	1022	782	903	975	987	794	1010	977	599	936	619	862	621	841
875	1050	674	971	987	1051	984	952	987	688	966	967	977	922	919	988	988	947	902	642	929	587	607	946	904
952	980	778	1035	973	1007	995	899	680	970	1058	1052	869	398	658	949	899	1046	823	610	1000	995	683	804
432	998	1051	1048	1076	1033	1017	661	891	650	657	910	1039	1029	908	659	996	997	1022	1074	829	631	954	1050
938	761	663	1010	494	628	907	781	1017	1011	861	1060	999	1030	1032	202	699	1060	1057	1156	1033	884	682
908	293	908	722	915	1050	1068	1023	889	1018	917	1001	980	963	953	1041	1086	622	869	888	929	936	1050	831
1042	544	464	973	224	889	987	971	980	748	950	728	586	988	969	913	946	598	994	946	877	817	491	972	998	921
598	911	845	945	949	914	818	842	963	658	960	634	493	985	1020	1013	485	723	890	915	908	254	811	914	847
959	941	180	780	919	414	253	954	863	898	1053	993	711	230	951	581	966	902	985	1059	924	939	860	599	325
1051	932	513	895	894	621	841	1070	812	1049	939	999	907	1017	1067	570	474	580	511	920	1051	735	758	818
917	500	882	931	1066	963	959	942	674	983	687	1056	898	242	909	931	970	848	870	796	1073	942	1069	1013	996
721	919	806	765	935	1050	1065	780	1012	951	284	1029	1052	778	917	912	828	1000	1041	1052	1067	1049	626
1003	1022	618	1056	996	1000	924	996	1310	583	956	532	967	922	883	1030	712	979	1033	1054	822	993	1004	1056
965	723	1034	968	945	997	1058	855	974	971	1003	1050	834	1015	914	957	799	557	1006	604	895	1013	810	1017
1000	1019	821	994	1001	720	1031	1042	1018	954	346	334	1026	480	203	893	566	493	944	737	961	891	1027	190
1191	447	995	592	937	279	474	618	868	568	735	963	1041	1021	1044	945	862	682	951	857	919	200	950	588	983
723	999	1012	995	1057	1044	1021	614	592	382	1023	1045	652	561	595	576	712	967	1055	1056	1065	1047	1059
1070	1018	991	1045	981	977	817	596	1057	1066	253	1050	957	1051	1004	609	923	925	911	923	891	975	736	1009
1068	961	778	986	1045	521	1057	759	1077	725	1042	828	1052	280	1069	876	1054	593	599	1061	762	588	567	602
1144	832	802	607	864	1021	597	995	1037	1048	308	215	1370	895	989	965	1052	359	1046	1007	1063	590	1082
393	1072	913	1087	602	1009	1054	797	921	1000	1037	931	1016	932	789	930	1033	1023	949	948	547	900	971	929
748	1020	962	716	935	1019	625	1022	960	838	731	954	611	961	1031	881	638	694	1026	1014	595	967	978	624
943	1033	968	997	919	856	819	697	882	742	1003	1022	899	862	651	735	762	748	719	498	886	944	703	1018	386
965	970	750	740	564	980	897	1009	861	1015	931	945	435	747	322	852	981	240	722	771	821	521	831	759	771
550	1039	947	1033	701	224	761	884	1008	996	755	792	438	695	904	913	1017	927	1002	1032	1012	626	1041	775
762	1002	749	991	535	640	1025	1003	1040	1013	903	755	759	766	537	1020	996	1014	765	781	735	851	1019	1012
1014	1044	836	987	1059	611	889	948	1030	1018	1030	1005	384	599	914	1048	829	996	1018	1047	991	1009	789
968	993	1005	934	774	1026	757	1010	1031	970	997	781	904	987	998	1035	1022	997	1015	999	741	813	1040	993
960	993	968	973	1019	1000	1006	940	997	1039	948	1033	820	958	1002	1021	1057	739	1019	923	653	989	996	964
975	590	942	1056	1053	1018	993	654	979	984	982	973	1010	199	1021	1033	1031	954	987	776	1045	1011	1017
956	1004	751	1001	1020	900	985	1013	1014	1021	1038	969	1011	1008	1052	1032	1074	1051	1066	1025	1021	1021
1015	1028	732	896	1078	1054	551	1049	1050	1013	990	918	1007	1004	971	1090	1053	1070	1040	918	1062	1013
1023	1039	1083	1055	1047	1036	1017	1031	1073	1002	1076	986	947	736	1077	1020	904	1088	727	1105	946	1022
600	1002	1086	1075	1093	1011	1062	1200	1028	1039	412	1085	1029	744	1042	1060	1095	1070	906	1072	829	993
1012	1007	1076	1023	802	289	949	1077	775	1029	1039	895	1032	283	1054	902	298	949	1076	984	1024	1039	948
1005	998	627	909	618	1029	401	1087	993	1003	296	583	859	617	877	635	1025	630	296	944	977	249	1162	953
286	1015	1024	1041	1029	1037	829	881	322	1031	885	1055	1051	1000	892	1020	1057	190	431	980	988	1042	1049
1076	687	867	993	1028	1060	1079	981	917	1030	1032	949	1050	921	627	1037	965	996	1002	972	692	975	1359
962	1078	1041	1025	596	751	977	1046	1072	1051	1013	982	1029	982	927	1062	1060	986	1010	1017	1017	1031
877	1074	1069	1068	302	1021	1030	704	1090	1059	963	993	1021	977	1001	603	1057	1088	772	1034	882	426	1023
1012	971	1060	842	805	1062	1054	953	1020	1028	779	1019	1027	1069	816	1032	585	1048	511	752	1061	1005	1043
729	1035	1055	1046	922	1001	930	1042	911	1072	1065	1025	1013	823	884	965	729	1084	829	944	838	987	983
1018	1074	906	1014	664	1069	984	1027	651	918	857	1020	1024	775	1085	771	953	1036	991	877	998	925	938	636
877	1022	643	755	1051	1021	1009	1033	964	952	993	1054	985	1010	410	955	909	923	917	1013	620	910	886	637
216	973	1011	1038	733	286	830	1016	956	998	791	962	994	976	1017	949	1026	968	1025	606	792	1067	620	1028
1019	933	321	807	1022	991	1035	1022	1026	794	852	984	998	854	978	1033	1095	913	1059	932	970	1007	1056
1024	932	1057	1060	1070	956	969	1013	797	1012	1004	748	1045	997	1074	1033	1064	991	1021	735	1004	986	1059
328	1026	683	870	1040	735	808	1011	589	1036	999	1034	1102	1123	1082	1044	1036	913	1000	1076	1069	603	1013
950	644	851	1064	1063	1065	1081	187	1018	768	1015	1018	1009	989	1060	312	1009	1075	1084	1020	1025	1017
349	748	1058	1036	1029	791	1001	1059	1080	1085	272	1029	1025	656	1025	697	971	969	983	531	1029	933	970
911	1079	963	1028	1086	978	1040	274	574	815	1023	847	1088	741	1027	646	1010	599	966	1034	186	979	1043
1075	998	1057	989	813	1025	946	764	927	597	996	1039	1064	1035	1089	937	277	551	972	929	573	875	1010	1024
1029	344	977	900	1009	1019	626	1006	1042	958	914	983	1010	1011	1017	1039	1024	1036	627	893	915	942	986
986	1030	738	594	1029	1052	1046	990	988	904	1010	832	1018	978	1002	1057	769	1010	1061	922	893	1031	1006
1008	1013	960	1062	1059	1018	1007	891	1011	1043	1074	1186	1015	706	1007	1026	919	1064	825	1048	1061	1063
1046	1016	1005	898	1005	1033	1067	1066	892	933	631	687	778	715	1036	851	997	1026	1012	896	1056	1065	1091
949	997	1032	452	1021	1059	761	1061	962	1064	1091	852	1028	1044	433	1025	1074	693	1037	1061	799	1000	963
858	1090	1091	948	1064	1064	973	908	339	417	911	1026	1091	1062	1062	682	853	1036	979	1088	552	1090	834
1050	1041	1078	590	578	1010	883	784	848	1060	618	673	855	934	814	327	965	978	1032	597	996	1015	718	1042
1049	1037	512	1053	1069	1016	1023	910	335	1033	1025	550	1063	1075	916	1019	655	871	777	1076	873	640	1037
601	997
