	189	179	244	92	157	250	101	78	260	111	309	302	118	135	276	62	231	91	133	135	263	94	84	124	158	71	144
66	181	225	141	102	139	329	62	253	243	274	241	139	262	93	111	160	134	88	241	93	119	257	287	141	174	88
65	174	82	240	90	95	95	70	178	76	64	146	182	94	83	81	220	220	264	256	63	191	168	89	154	156	247	81	106
214	132	74	263	267	130	72	62	154	148	275	163	115	209	216	208	95	248	194	77	103	108	84	87	68	95	259	266
190	229	73	101	245	185	205	203	129	142	219	157	141	88	118	126	125	171	142	207	238	91	148	93	145	165	260
115	103	62	128	308	159	75	84	127	203	155	129	177	169	85	131	114	300	252	139	304	149	69	126	66	192	122
129	214	80	202	120	189	198	309	87	73	219	88	234	274	212	120	157	71	71	212	168	123	79	144	90	100	193	99
108	190	204	84	148	139	124	86	271	174	243	212	195	201	195	255	96	259	78	149	140	311	68	282	128	93	219
122	167	212	236	262	232	87	74	135	117	163	63	222	127	240	243	226	149	109	75	236	60	269	113	112	94	81	68
118	62	101	84	84	114	65	237	269	180	68	236	62	178	162	101	235	245	117	113	144	142	243	70	271	442	76	221
145	219	201	166	76	138	150	237	85	145	129	82	232	122	255	159	97	85	159	143	90	218	243	150	80	170	121	129
341	175	76	171	281	86	66	99	132	128	325	285	129	120	82	114	177	177	90	98	93	114	156	102	75	154	174	143
90	153	318	188	143	92	145	278	225	74	83	165	63	254	175	132	237	192	288	70	117	116	155	79	192	214	68	154
294	185	72	316	260	237	61	100	124	167	266	60	74	108	61	126	145	156	119	156	189	190	270	125	154	142	97
179	154	176	279	206	111	217	155	93	132	149	135	86	305	60	167	283	79	229	301	97	97	138	234	148	68	188	271
241	198	340	186	79	68	296	214	123	91	156	94	192	115	303	114	180	80	104	304	157	305	212	83	268	134	89	264
229	227	297	96	223	91	198	78	225	187	85	194	98	120	229	224	76	159	214	170	118	75	81	114	294	138	132	240
62	115	144	138	156	242	206	179	83	172	65	99	127	266	100	127	120	189	199	71	116	216	105	95	117	66	67	255
67	185	145	226	103	110	149	302	210	136	290	176	99	154	170	286	335	103	135	295	326	274	198	79	288	66	171
83	309	127	160	115	76	161	117	138	281	258	235	270	234	185	116	84	204	351	154	65	292	122	67	198	191	203
84	78	212	96	88	84	128	67	183	323	206	317	158	131	96	92	67	334	201	173	88	92	296	84	170	109	84	294	170
103	105	88	239	153	99	162	146	215	186	170	99	71	179	135	134	136	275	213	127	144	192	230	102	158	102	105
160	135	148	63	128	132	224	85	135	120	124	154	107	258	157	182	158	99	85	97	139	180	163	89	81	124	199	240
183	111	149	177	104	85	98	122	68	66	81	91	68	66	85	227	311	314	178	93	178	226	289	135	199	183	169	232
80	223	130	95	193	302	95	89	84	167	91	175	81	202	301	162	111	168	94	248	240	141	119	254	258	91	318	78
170	278	91	85	106	263	87	89	265	232	114	68	144	165	92	143	133	142	91	179	178	254	191	97	68	81	85	122	141
327	161	80	218	161	214	206	123	69	158	71	204	251	271	209	160	129	107	111	183	229	339	85	170	139	74	319
177	64	184	179	68	207	89	75	66	95	60	63	170	141	93	66	136	143	267	275	241	92	177	283	104	80	213	154	266
120	191	209	200	194	233	108	63	75	67	135	102	95	223	204	74	100	75	161	277	192	105	105	105	122	85	74	169
188	91	117	74	98	253	329	313	202	68	197	69	152	66	92	154	258	158	254	126	227	260	96	223	102	211	298	259
261	98	65	76	61	193	177	70	179	114	130	195	207	101	242	134	103	116	205	142	238	137	258	133	77	227	191
129	295	313	232	94	110	230	213	122	189	68	65	144	127	100	76	293	323	232	69	262	269	81	327	73	177	276	71
94	98	176	227	125	86	268	214	277	283	74	135	143	78	311	168	273	100	149	78	196	96	114	294	119	214	201	242
77	287	146	151	109	69	76	253	127	157	90	331	102	158	73	119	130	107	80	304	138	210	103	74	124	79	206	77
92	81	234	230	189	85	252	237	267	154	92	179	167	198	144	71	157	312	261	181	71	151	225	248	242	141	142
76	69	226	254	61	115	61	160	93	72	63	70	87	68	161	60	79	111	248	72	197	135	61	243	249	133	241	185	70	73
86	62	249	159	181	208	68	117	154	276	211	191	161	98	267	88	153	236	108	165	231	74	273	331	75	234	215	137
76	245	274	136	119	107	113	308	90	166	115	68	272	107	274	324	153	202	67	131	60	74	149	76	219	210	240	104
142	66	215	303	250	133	114	320	83	96	190	293	234	92	96	146	272	106	213	301	221	127	125	101	178	227	72
228	174	119	186	60	292	126	63	178	69	186	223	135	208	127	126	178	230	64	89	112	108	249	244	228	222	101
103	185	64	65	106	210	230	293	287	120	209	130	235	101	147	97	253	103	80	91	69	77	96	138	262	196	278	257
291	131	83	66	197	101	102	190	130	163	95	244	96	135	115	106	216	169	293	252	77	320	186	154	117	231	205
213	170	254	103	168	93	69	88	229	208	223	117	226	77	134	184	90	208	120	161	104	212	230	247	258	131	180
146	159	197	235	228	287	124	111	93	288	111	144	80	175	60	158	211	213	61	159	74	99	229	131	91	253	168	90
134	73	174	155	166	93	127	219	251	325	188	163	157	101	272	117	88	76	65	71	101	78	185	94	88	86	74	173	243
212	230	123	73	84	60	88	68	215	148	74	124	67	66	100	128	72	304	120	122	97	90	275	92	116	96	158	334	258
290	201	108	199	211	211	151	209	209	75	158	68	177	225	86	256	77	69	216	73	304	74	173	227	215	73	205	86
136	99	60	65	84	235	96	68	151	137	273	68	142	77	78	147	236	122	73	262	215	60	142	191	313	65	249	238	174
95	156	72	137	270	293	98	173	220	70	167	233	227	315	195	199	251	68	138	134	285	193	187	124	128	219	135
161	123	61	335	299	210	147	120	181	154	299	229	309	131	275	222	85	122	244	64	186	118	208	60	93	138	76
92	178	127	192	239	235	251	286	141	70	177	77	160	270	193	284	283	196	85	196	111	176	72	240	105	145	186
143	130	103	79	225	194	245	139	118	300	69	169	98	219	113	128	191	60	163	65	217	80	75	85	90	67	203	68	95
284	265	159	170	251	127	163	142	148	94	208	308	211	300	155	82	145	128	285	202	318	140	101	278	230	72	94
112	93	196	153	101	90	171	74	127	229	204	191	144	234	98	120	194	327	223	233	87	149	118	196	101	141	108
208	162	283	94	104	263	126	212	82	99	163	266	253	86	212	93	76	117	149	93	92	76	255	104	76	110	169	190
62	152	94	148	312	83	101	84	268	269	148	108	214	138	246	147	136	85	134	274	319	74	106	77	77	130	270	149
78	66	65	137	184	84	122	188	81	148	311	172	127	152	272	162	107	62	205	233	255	221	80	84	95	110	146	236
85	270	221	83	270	252	72	127	122	297	220	341	286	94	129	83	121	61	74	150	90	114	225	132	95	199	65	117
286	183	131	246	87	86	97	313	60	326	300	331	291	201	128	266	247	86	246	251	85	77	84	214	75	159	61	194
236	63	78	91	151	71	118	152	167	115	74	198	274	158	123	113	104	226	73	208	142	241	234	265	69	249	64	102
241	184	217	162	195	135	128	148	119	136	168	92	130	137	138	88	76	177	203	119	80	160	96	175	191	143	135
303	121	99	209	150	139	154	176	93	147	129	155	70	119	294	175	93	89	200	272	332	249	182	240	129	71	277
221	146	239	191	107	195	258	271	77	85	315	175	64	83	91	83	156	191	126	99	122	76	77	70	219	108	210	287
98	158	278	237	278	222	161	165	98	100	84	213	72	61	65	161	60	271	112	75	67	97	79	221	65	340	125	209	175
152	67	123	127	289	100	82	269	252	154	248	240	198	183	181	75	118	228	86	158	227	181	256	138	137	83	160
169	120	78	76	60	160	313	103	205	101	72	338	83	71	80	234	117	224	133	92	61	145	86	205	188	101	252	67	199
86	224	129	156	127	133	325	216	191	72	266	121	126	126	211	87	99	282	260	206	256	174	279	198	72	153	99
61	330	148	81	86	153	66	83	73	94	206	101	133	166	198	71	102	164	105	67	259	128	167	73	60	213	102	269	124
149	63	95	177	177	112	194	62	177	161	147	176	100	77	142	231	144	121	161	83	323	304	76	132	325	297	77	90
75	104	150	183	79	82	62	123	341	312	147	155	244	103	162	178	117	100	60	139	214	68	91	163	156	253	198	107
143	180	72	168	65	273	75	218	112	135	96	189	87	92	107	192	69	95	313	264	110	196	151	291	239	218	126	152
137	195	314	233	234	79	135	230	70	263	297	167	111	92	120	295	224	189	94	114	151	320	120	109	84	88	198
179	103	106	156	70	339	214	62	243	111	71	187	102	139	90	190	116	302	112	161	89	61	104	306	283	96	111	120
140	295	141	168	277	190	249	172	117	132	60	205	251	149	143	224	63	258	241	70	191	211	177	79	77	229	181
66	88	79	192	139	111	213	278	95	129	294	96	215	230	140	157	171	107	97	181	416	140	248	77	137	78	122	86
158	120	92	71	181	60	298	341	262	120	130	231	221	177	289	246	235	77	98	89	77	81	110	89	165	60	204	251
219	210	71	200	287	140	134	169	349	228	86	101	99	243	208	64	84	84	196	97	95	98	217	102	164	61	198	65	92
88	294	75	136	130	103	299	93	169	92	254	117	222	137	76	339	228	167	261	157	66	84	131	291	62	262	212	61
210	104	159	199	161	245	135	66	156	283	179	337	79	112	169	99	100	158	86	299	289	84	251	238	169	114	106
110	261	265	66	184	147	137	73	299	160	94	237	175	122	199	78	150	139	156	137	69	86	97	91	146	142	292	172
147	68	251	279	96	167	295	119	100	122	149	136	88	210	74	62	225	267	268	173	112	68	90	271	149	71	260	253
88	233	227	213	108	162	205	177	283	88	142	214	119	204	229	262	105	154	108	208	370	275	72	86	123	85	62
71	111	194	179	89	63	99	117	84	107	113	121	271	74	74	123	124	156	230	95	82	201	122	196	64	166	65	227	253
93	187	212	302	290	282	138	111	125	89	75	149	94	64	223	169	98	64	243	115	94	111	88	335	113	171	152	151
96	84	253	118	214	130	161	322	100	78	216	63	134	84	249	154	166	110	111	64	101	76	307	237	246	274	267	118
85	133	127	92	271	75	67	117	66	120	222	216	65	154	89	303	89	155	105	87	82	96	84	112	172	256	255	142	103
188	130	287	311	206	164	105	309	134	125	143	188	89	90	112	82	165	242	100	103	183	267	179	92	88	184	151
163	78	136	220	157	67	136	223	192	286	117	317	103	245	126	62	295	107	189	123	65	215	254	76	86	209	326
190	267	322	296	129	124	189	92	310	154	171	254	218	110	98	67	262	215	277	270	275	127	117	83	118	64	115
94	145	132	81	100	87	98	199	109	79	73	94	229	62	70	67	159	61	140	72	82	200	115	217	241	284	160	140	84
101	280	63	238	61	263	229	153	232	84	107	116	66	83	196	217	262	112	247	88	93	85	60	134	241	66	114	74	118
195	88	64	271	187	79	106	80	141	63	287	246	301	107	201	250	216	196	262	176	310	217	309	117	127	293	216
92	78	185	89	335	205	231	73	298	175	172	137	175	69	81	289	119	173	154	301	325	60	86	71	255	124	73	115
71	275	212	69	65	83	112	170	146	274	263	274	101	125	192	228	151	129	142	113	314	196	73	160	108	191	129
122	84	106	64	307	183	66	96	177	60	190	252	115	246	72	69	190	101	179	113	252	145	118	92	120	128	213	261
225	104	191	254	218	136	114	93	244	82	208	83	145	332	71	142	226	213	62	100	91	111	134	61	93	71	244	211
127	90	141	98	106	132	93	190	102	81	219	73	93	89	78	128	107	98	64	140	150	100	93	162	115	81	69	110	98
86	83	284	136	94	162	64	254	147	67	173	193	98	203	308	159	82	136	163	246	122	272	247	154	245	112	88	108
320	141	84	185	291	245	114	185	77	97	117	74	126	201	226	137	149	137	124	184	87	75	214	75	98	126	149	264
101	86	160	156	111	93	249	140	115	231	216	122	254	139	87	163	110	211	143	175	80	240	68	67	255	227	176
151	82	219	232	135	152	255	74	249	115	209	97	93	178	124	175	158	122	290	267	232	60	87	90	155	186	209	175
67	209	269	447	167	77	108	149	199	75	236	264	73	281	125	284	82	86	248	146	204	248	66	338	72	194	271	296
147	287	69	96	67	314	69	177	262	143	127	235	94	188	221	232	101	113	103	173	169	174	62	279	254	82	152	105
319	137	139	106	79	162	111	93	247	98	195	347	234	251	152	104	76	120	138	287	236	169	213	115	158	83	113
66	86	163	78	111	117	201	192	97	196	298	90	152	78	128	220	174	115	315	107	175	62	83	168	111	320	113	64
208	69	257	173	160	260	245	102	72	248	281	163	206	184	74	137	85	97	114	132	99	261	173	213	247	239	239
140	119	328	142	138	85	165	156	80	324	63	69	70	156	67	121	82	93	170	220	84	75	76	146	211	103	137	281	70
110	77	236	66	156	203	66	215	80	264	249	228	76	302	262	192	272	140	124	257	73	214	112	82	97	229	152	92
77	138	240	117	153	186	213	189	222	207	96	256	72	180	244	69	140	91	282	70	76	124	65	141	119	233	124	249
93	209	250	162	145	83	61	178	71	66	239	117	109	60	95	71	156	282	202	300	281	192	214	266	79	120	109	302
182	62	69	172	291	127	152	134	130	274	182	238	276	288	130	121	61	268	113	86	82	244	153	189	258	143	78
242	205	158	78	184	220	89	115	201	74	111	172	68	60	71	80	197	135	125	111	89	77	269	121	208	84	289	206
99	135	139	219	79	145	113	66	157	189	250	105	90	92	64	249	93	79	197	231	239	267	83	74	118	287	115	92	96
98	88	244	101	128	74	235	66	100	268	99	238	237	108	212	160	81	100	202	119	99	83	231	148	104	159	108	277
123	121	270	334	201	252	307	168	201	69	227	258	61	150	264	65	63	189	77	311	310	73	274	110	69	151	104	264
70	172	138	78	137	78	341	114	215	61	72	262	254	123	157	100	162	139	128	171	61	325	82	139	323	80	240	61
121	251	304	193	207	324	227	297	164	71	264	196	86	293	90	79	100	191	112	139	75	148	99	163	223	285	68	92
84	280	154	107	125	64	129	93	129	240	209	279	67	237	233	123	115	141	121	91	108	268	180	213	265	263	137
109	112	81	226	103	135	120	230	244	82	227	174	153	125	71	64	318	62	111	237	276	207	119	195	127	79	220
284	94	125	314	323	255	174	282	151	209	229	207	243	198	183	87	151	141	60	86	164	264	167	207	77	78	101
156	182	137	123	229	204	196	76	272	71	137	147	75	230	248	123	89	222	282	289	141	158	171	203	89	208	91
136	244	66	207	92	194	303	134	197	203	77	88	263	109	178	141	204	105	105	108	199	208	141	245	132	156	186
67	248	176	252	260	94	178	92	99	77	166	304	104	247	186	116	109	278	133	116	149	224	267	282	141	132	122
140	170	60	87	132	198	85	207	115	272	87	75	90	266	91	62	232	249	227	226	123	206	100	73	213	89	244	111
71	84	135	262	195	129	113	290	275	87	178	294	335	111	76	149	189	101	197	326	109	150	167	110	129	78	167
265	150	131	249	131	98	168	99	133	213	103	284	99	168	82	98	94	262	63	86	319	171	69	83	105	111	86	120	158
286	165	124	151	89	257	184	61	73	111	295	308	91	229	68	261	183	144	271	233	107	87	311	238	120	139	124
150	114	335	229	85	67	97	90	195	301	242	290	278	160	102	214	95	68	208	68	240	209	197	66	226	64	266	104
241	254	284	107	323	150	103	88	169	60	236	240	273	196	167	194	65	126	157	277	129	92	105	206	230	284	80
137	215	66	83	137	61	108	93	260	138	160	256	204	64	63	299	142	71	188	107	93	147	80	88	60	97	218	143	155
98	95	95	63	95	255	73	316	201	305	69	163	212	227	208	62	178	106	129	147	158	310	90	102	131	73	79	141	84
69	199	164	169	78	62	135	167	292	187	68	129	188	296	102	149	126	151	270	85	94	69	66	67	105	146	105	198
296	145	98	76	141	294	111	69	249	98	68	291	271	217	121	212	119	201	178	219	88	173	264	65	123	162	76	94
264	60	106	263	73	210	90	87	108	189	121	220	127	155	202	144	290	270	151	289	80	206	299	175	301	214	335
236	191	109	83	68	150	62	79	72	146	319	72	102	157	96	120	71	88	73	141	71	196	214	203	207	115	62	248	60
179	235	194	111	102	69	102	253	84	174	276	116	262	62	62	118	308	128	163	158	67	329	201	195	84	135	89	99
163	109	121	267	81	195	127	153	117	184	77	146	66	84	227	198	233	74	61	60	136	120	117	147	319	166	89	79
189	97	283	308	132	152	197	88	82	72	187	143	115	299	107	170	248	93	310	319	275	65	236	215	282	89	154	112
111	80	112	235	89	209	235	83	248	281	246	92	184	190	212	61	262	247	220	72	107	114	142	61	103	68	62	118
76	129	273	60	60	94	153	266	71	94	68	81	340	147	86	291	72	122	155	272	67	176	187	106	178	170	318	82	65
246	258	62	248	267	194	238	142	92	80	74	260	309	255	179	138	105	78	237	95	209	153	210	69	219	96	171	264
192	165	120	236	136	74	92	170	292	295	84	169	178	269	109	157	231	111	85	254	144	87	100	70	256	142	60	165
82	80	67	182	79	72	110	206	96	155	63	153	160	71	142	62	96	284	144	143	183	124	135	125	178	278	100	81	317
211	62	309	210	140	167	194	319	127	132	312	98	77	261	94	62	273	121	141	238	245	230	227	212	195	213	250
220	168	198	272	142	191	231	179	77	247	116	293	248	259	157	236	105	134	132	92	267	106	149	250	285	253
230	96	75	289	93	107	88	99	67	96	157	74	65	64	92	129	121	131	79	182	105	90	170	237	115	123	194	152	151
123	142	203	73	81	70	199	66	280	177	66	132	63	72	81	266	107	181	73	96	157	118	117	82	197	107	229	132	68
235	160	137	60	211	151	93	172	64	69	191	281	136	198	120	125	171	276	84	123	183	120	293	182	244	111	145
72	72	139	245	108	168	96	182	131	67	79	85	169	84	210	167	65	195	100	145	162	132	168	80	204	73	225	324
84	85	134	239	263	204	103	156	82	259	108	204	257	108	328	182	144	64	112	139	100	211	94	63	119	284	235
64	89	129	121	118	129	165	147	231	62	158	120	244	90	246	235	217	276	74	63	63	270	280	104	243	242	72	332
163	117	176	123	221	278	244	272	178	89	229	242	124	163	211	205	148	85	197	191	75	85	85	157	242	198	86
149	81	84	92	101	130	181	64	130	128	288	206	63	286	97	167	78	138	105	303	188	206	183	88	110	65	60	147
308	93	112	168	147	108	82	111	229	267	188	150	175	224	283	285	231	200	122	61	219	106	307	198	94	189	76
95	94	201	206	62	78	218	244	118	110	129	79	312	65	61	130	138	161	62	176	165	60	112	96	204	98	136	263	208
165	102	67	103	208	135	72	96	194	70	285	274	189	265	115	162	135	291	149	93	189	148	133	191	225	144	130
283	240	278	142	162	210	205	254	287	143	64	300	247	175	120	96	120	262	118	151	135	238	80	140	252	60	191
97	302	106	148	324	182	237	82	90	219	106	148	105	204	270	249	188	237	188	68	67	159	217	277	60	148	231
273	205	81	75	239	188	138	64	248	194	268	91	253	137	67	135	235	97	72	129	163	127	79	81	204	170	186	139
232	108	283	95	76	131	115	87	182	119	86	84	95	192	71	110	324	90	106	75	203	184	243	100	92	249	122	83	270
225	312	169	101	183	133	244	330	257	181	72	235	167	182	83	249	145	109	190	67	197	115	66	85	76	265	194
105	166	138	239	316	193	89	231	97	171	91	280	130	145	104	188	139	232	81	75	137	67	225	248	99	83	78	76
79	261	238	109	163	236	123	188	234	112	98	81	147	223	227	151	168	67	180	174	270	200	206	131	118	131	148
115	211	116	119	141	273	298	221	220	135	155	187	291	78	224	205	118	236	144	120	288	189	136	154	268	240
314	136	187	237	158	227	61	124	93	132	190	64	176	143	74	196	150	78	223	76	68	97	148	185	303	65	172	77
63	144	170	259	274	235	254	328	82	188	227	323	66	67	81	225	213	212	97	75	176	141	148	267	103	141	153	206
142	144	167	85	246	105	103	64	79	92	61	150	93	114	105	128	114	66	130	89	152	136	211	74	133	116	152	313
94	154	75	193	132	70	125	188	144	71	267	168	92	126	190	144	189	63	77	271	119	296	143	314	271	148	103	92
214	140	72	158	80	161	72	100	128	82	283	238	137	84	238	110	74	167	60	189	311	300	270	236	193	82	208	203
154	116	148	194	75	150	288	137	66	127	280	262	179	83	116	299	118	230	99	140	163	342	112	158	112	136	132
262	255	133	259	71	211	200	83	250	148	99	68	183	253	236	164	263	183	138	63	275	235	294	331	317	151	250
107	103	98	89	69	103	149	98	296	112	128	119	108	230	216	67	140	187	222	116	87	65	213	102	99	265	212	162
111	81	176	67	68	97	168	235	61	187	82	95	159	66	152	134	117	255	83	76	196	71	126	205	172	129	83	99	201
191	89	62	66	145	174	165	119	117	189	68	122	141	62	123	88	200	99	99	211	204	147	272	79	83	146	242	65	267
265	129	186	98	77	63	105	100	91	138	306	228	269	267	151	117	160	68	117	286	250	128	100	215	76	167	200
123	92	236	188	243	293	131	144	296	169	279	74	106	63	151	155	209	202	78	225	192	217	182	281	294	191	81
112	224	291	184	318	164	103	83	97	324	168	117	84	200	72	199	90	63	193	169	108	82	226	281	139	197	162	237
189	226	139	137	144	167	89	247	290	115	95	261	133	86	127	98	104	285	69	183	113	158	120	83	135	92	278	206
281	146	175	74	136	85	166	98	88	199	100	163	91	195	66	175	166	99	163	176	152	76	85	167	270	67	82	254	210
174	145	171	169	119	150	107	66	141	86	105	219	92	144	91	104	69	180	114	69	85	124	221	288	184	177	217	143
179	288	261	61	73	225	87	202	283	181	189	65	276	129	205	208	216	239	264	312	152	80	167	284	95	126	233
236	270	116	266	252	117	153	96	203	155	123	304	120	235	68	102	84	70	309	158	220	86	63	178	252	246	264
66	271	222	77	123	303	263	258	199	63	169	135	62	206	137	107	92	127	79	159	146	69	149	165	60	176	206	255
277	269	181	95	205	246	228	134	249	66	254	93	106	75	172	162	234	164	248	261	219	218	268	179	213	205	132
155	93	67	130	119	246	229	79	263	253	115	266	201	159	91	200	128	279	292	129	154	99	255	261	67	164	167
79	105	61	84	119	137	84	190	259	156	293	83	218	194	299	212	67	158	193	143	94	72	65	113	101	174	171	193
142	99	203	90	76	81	241	275	179	144	100	152	94	228	198	274	97	280	169	93	103	73	259	90	61	63	281	193	180
260	101	103	75	141	73	117	146	134	113	111	103	119	98	119	309	102	65	156	301	111	187	142	164	145	84	221
177	226	291	187	112	61	208	249	212	75	149	123	99	187	154	166	276	152	89	283	88	105	72	110	129	291	207
62	76	138	190	134	211	85	72	262	84	107	180	165	84	163	63	111	120	82	165	67	226	318	162	113	74	69	83	241
70	86	124	151	60	329	68	195	212	114	123	157	73	74	236	71	133	92	99	213	327	92	166	106	286	81	74	135	107
394	76	209	90	75	256	159	66	77	244	61	260	68	109	203	182	136	125	198	114	228	64	78	169	170	195	311	180
307	114	63	159	196	246	143	105	267	149	98	104	90	192	242	137	109	94	125	134	84	225	204	217	258	152	129
71	161	199	136	65	112	174	114	61	95	106	97	311	194	96	85	71	70	277	262	82	136	230	177	98	84	63	72	187
173	263	178	238	260	273	119	258	134	111	225	108	94	194	166	99	109	137	88	153	198	239	99	181	244	109	112
199	276	241	118	257	194	143	85	181	300	61	73	167	67	104	104	312	96	266	245	160	84	243	253	154	74	136	136
66	205	272	63	184	252	138	194	117	131	140	72	240	207	245	70	206	82	68	193	104	229	60	226	230	164	206	72
192	73	234	202	216	200	158	82	102	258	74	288	167	90	107	162	72	65	281	62	207	288	258	161	159	269	270	268
107	132	140	77	125	244	206	245	225	114	101	87	192	270	186	139	132	126	132	163	247	129	182	84	265	237	161
178	261	80	177	243	239	226	168	206	278	160	121	303	329	143	115	146	86	136	273	75	174	130	85	60	142	203
136	108	232	277	177	137	225	202	271	67	126	238	172	112	218	237	61	89	204	168	66	75	145	287	69	125	154
101	215	129	60	109	97	148	89	61	122	213	76	85	106	239	280	100	129	68	117	97	157	116	81	90	71	84	102	252
62	218	62	138	136	99	132	244	159	144	124	225	278	211	96	102	171	78	178	121	197	139	99	273	137	103	97	82
64	189	73	91	115	236	123	187	69	174	221	90	202	90	223	156	181	91	225	290	220	320	277	128	239	128	273	116
308	342	204	73	143	214	98	186	67	70	83	227	219	150	128	147	326	62	63	125	296	138	97	199	276	208	179	145
63	107	233	227	72	209	262	173	161	257	245	273	86	133	132	309	76	65	64	86	89	83	70	297	259	194	129	104
267	132	105	196	87	182	63	74	121	238	101	198	126	227	130	147	266	179	188	66	96	111	77	291	99	63	63	71
225	277	165	234	77	89	78	204	283	247	75	133	132	246	67	129	246	169	327	336	224	106	154	119	68	237	160
139	81	276	85	152	71	231	313	310	123	320	228	223	66	88	61	62	293	145	239	257	291	186	134	86	165	239	267
106	93	175	139	220	258	194	82	145	333	95	131	88	62	148	265	294	169	77	82	115	88	83	259	66	66	65	155	114
72	147	73	63	115	250	209	82	101	284	133	190	91	198	255	89	233	89	254	87	335	65	117	185	103	139	168	164
106	170	144	136	140	306	203	69	86	112	65	148	71	252	64	246	63	263	243	69	64	243	200	250	287	204	130	121
64	301	248	90	181	108	110	121	261	221	167	73	152	254	315	125	101	174	211	77	85	84	115	121	71	291	250	269
91	82	225	91	244	246	162	133	157	158	270	173	192	155	264	120	119	210	81	271	211	76	199	67	272	292	168
144	130	190	146	115	69	170	109	230	207	155	92	250	135	174	346	301	203	285	110	69	124	160	208	259	62	317
142	164	139	60	285	167	108	162	92	239	115	182	89	76	156	243	229	177	94	105	143	94	154	63	62	251	72	148
90	172	65	132	127	321	158	84	70	208	511	225	335	139	120	268	200	92	68	76	85	111	125	73	154	65	124	255
253	249	128	64	237	198	130	189	84	145	97	146	211	232	281	198	261	231	213	185	112	148	260	214	153	150	113
258	126	208	111	177	201	66	193	104	211	264	74	153	236	233	70	144	81	71	156	114	127	71	76	224	113	120	172
101	87	195	100	91	144	87	82	123	77	145	257	328	70	64	101	75	114	249	133	157	143	95	121	174	75	195	320
66	121	299	301	325	221	94	234	60	111	179	98	93	77	217	129	123	81	106	85	154	172	95	149	164	184	164	166
273	125	82	71	64	71	111	148	82	216	136	130	223	256	111	252	264	71	178	178	64	219	74	261	273	194	60	122
205	184	148	234	170	67	188	156	88	149	129	69	141	100	165	104	127	100	69	146	277	317	76	220	114	77	178
74	84	207	180	94	271	105	77	142	194	79	74	200	116	77	137	89	89	237	143	282	240	97	255	239	227	181	103
199	68	149	201	76	89	62	76	95	90	122	281	96	89	116	169	161	77	264	154	60	112	130	319	70	146	91	218	240
264	258	80	159	81	61	60	286	270	72	70	295	167	236	161	73	267	157	100	286	162	228	87	105	280	81	109	87
135	98	133	119	80	237	225	232	116	178	78	284	186	209	60	115	174	217	150	60	133	148	169	272	280	211	221
228	134	168	67	183	297	145	112	265	214	72	250	148	209	135	206	69	102	101	121	174	247	197	135	73	314	163
294	177	70	160	98	78	194	62	143	293	291	70	133	98	243	204	84	227	68	77	77	217	260	191	247	211	94	74	136
198	294	106	142	114	121	97	68	97	191	198	82	199	107	189	126	227	296	322	211	79	97	224	108	113	211	211
280	156	222	158	135	163	117	328	310	308	220	290	100	94	305	167	145	208	118	105	249	234	241	314	274	290
91	63	240	68	63	82	63	138	64	141	60	111	137	238	213	60	82	89	139	311	133	157	77	77	329	284	171	196	125
103	206	86	171	107	152	82	203	120	97	87	116	171	91	248	153	109	119	105	155	297	240	226	236	152	228	263
222	82	196	78	174	71	162	189	81	142	128	288	100	146	105	149	64	63	118	157	118	174	212	192	162	138	194
84	98	164	96	105	105	97	141	92	189	268	200	72	164	149	208	263	164	226	178	87	74	226	151	180	116	238	98
87	209	103	240	90	246	88	146	90	192	189	80	61	73	182	329	119	62	203	262	84	78	177	68	175	141	165	90	87
120	225	116	134	156	94	138	123	214	72	61	216	119	166	90	126	163	84	174	77	138	138	60	220	76	133	82	129
227	236	86	119	247	179	250	264	238	88	267	85	148	170	136	180	138	111	94	130	312	340	160	148	140	263	153
61	114	307	68	104	121	106	100	114	227	95	172	137	189	125	123	196	200	302	73	80	112	268	138	195	222	228
272	147	127	72	119	72	131	122	295	119	294	121	72	216	111	79	61	170	345	143	81	193	196	214	236	219	66	170
225	274	201	102	126	77	101	123	97	61	76	60	70	206	158	146	165	200	174	202	237	336	204	79	219	74	205	99
153	282	212	220	202	181	95	263	242	103	218	212	247	334	62	242	102	73	307	153	114	63	69	307	109	107	153
189	292	61	105	105	228	331	82	301	93	212	107	143	108	138	298	248	61	93	85	141	82	152	97	106	75	62	71	173
70	101	85	190	72	150	286	274	103	79	86	69	73	101	113	127	96	99	198	269	124	97	61	177	85	124	141	95	139
72	117	168	88	135	134	105	149	74	65	138	61	320	88	79	133	176	95	73	239	189	238	157	180	234	151	130	117
108	66	72	109	183	102	188	82	88	88	265	111	136	62	164	78	69	334	76	96	141	286	169	64	267	162	277	217	119
170	81	122	76	76	136	181	245	137	145	96	101	64	82	71	335	178	164	301	81	128	107	302	123	310	103	117	289
80	243	211	287	174	129	223	62	250	83	183	77	194	168	97	217	114	89	146	142	157	61	98	317	275	230	112	292
241	83	129	320	106	93	129	119	140	114	226	165	70	298	268	92	87	158	97	313	184	95	135	175	288	176	283	112
93	158	93	275	72	259	89	62	74	181	113	145	97	112	95	159	166	164	65	213	111	197	103	105	141	148	118	212
95	74	82	174	217	158	247	174	176	128	267	139	74	121	69	200	99	144	296	141	64	113	60	144	101	121	305	80
142	163	63	220	225	121	124	126	185	174	81	98	196	152	209	319	204	107	250	203	64	113	306	192	76	201	200
97	74	167	102	82	278	223	184	123	164	66	186	125	261	80	229	113	145	124	79	79	97	264	218	101	95	120	275
288	116	206	89	77	177	136	147	306	246	60	124	114	67	112	129	220	128	64	80	86	62	67	88	219	119	156	123
271	256	159	140	114	122	162	67	95	108	164	240	202	71	69	180	255	103	110	193	131	261	111	185	257	124	71
229	152	66	210	81	170	259	178	97	270	234	188	210	82	96	158	185	178	271	81	89	160	68	84	67	262	118	73	162
90	220	198	275	285	176	75	86	362	169	70	136	112	181	246	147	81	216	61	119	79	89	101	244	264	131	121	169
302	291	261	348	173	164	102	144	126	114	312	158	119	64	257	64	70	84	300	269	128	71	94	94	153	69	77	128
186	167	111	70	191	209	60	132	97	201	262	233	140	257	77	104	109	107	350	235	77	73	269	113	190	82	317	131
318	239	312	143	114	263	313	191	63	215	125	112	208	93	234	68	98	296	281	68	208	202	289	202	157	71	81	173
87	65	254	250	288	77	105	193	64	212	266	260	102	147	280	67	130	93	263	237	175	145	94	173	307	177	274	220
191	263	277	159	178	73	284	221	261	153	212	138	142	308	74	66	237	121	120	164	83	139	85	260	97	70	195	98
156	89	149	250	124	187	119	194	65	101	94	235	124	76	270	216	138	261	270	62	168	113	296	192	120	118	135
115	133	258	225	247	184	65	223	113	109	124	68	263	120	187	70	70	105	251	89	143	85	70	129	160	127	333	146
137	205	82	164	191	196	238	204	141	80	260	122	192	130	71	193	104	199	75	274	222	203	130	249	147	82	89
60	126	83	260	267	104	134	292	153	73	234	93	188	161	66	320	314	61	248	189	141	134	170	100	212	232	241
121	262	64	191	161	72	209	172	103	123	210	63	149	73	155	85	85	306	72	262	71	92	142	184	146	84	65	233	229
282	66	210	128	291	239	79	201	251	166	195	161	134	160	155	135	183	84	225	118	162	62	118	160	72	211	62
202	129	351	140	277	71	138	312	228	184	316	246	165	170	255	93	137	87	133	203	165	264	160	312	137	133	215
180	76	97	100	110	126	243	136	74	147	83	106	86	79	80	100	107	124	108	65	155	150	189	263	143	110	193	299
101	250	255	269	180	247	241	302	90	86	131	177	67	228	177	167	81	157	142	246	277	72	261	330	86	82	204	172
87	121	125	110	103	118	72	133	89	112	278	116	109	251	120	90	128	86	107	153	127	82	110	281	221	170	66	180
193	111	286	121	80	106	223	90	115	141	92	128	268	175	61	209	74	174	184	150	85	90	95	79	191	152	83	223
98	163	75	172	118	176	196	87	191	303	62	209	168	67	167	177	130	167	80	177	85	171	234	194	281	248	190	88
216	303	88	291	143	127	276	236	249	331	127	168	60	116	75	86	163	188	61	198	158	198	215	149	79	113	163
87	296	99	65	95	91	81	84	60	85	108	66	238	75	105	249	129	139	155	108	295	90	144	244	323	350	126	177	93
150	216	120	75	191	237	179	66	255	72	62	126	68	167	97	192	156	190	89	123	73	199	226	177	127	80	112	147
104	142	69	82	263	196	157	200	243	189	111	98	197	174	165	85	308	61	264	115	141	293	246	235	303	126	71
72	130	64	99	64	209	92	156	90	267	102	106	139	67	144	127	265	100	128	94	76	82	77	106	68	65	75	90	82	266
250	127	112	63	74	106	234	147	158	78	172	77	181	198	280	74	331	122	112	91	83	191	119	239	218	154	121	61
162	157	72	114	156	148	161	256	69	140	317	90	66	201	69	191	104	77	88	124	127	297	293	152	247	67	294	222
67	139	79	195	280	159	97	79	128	134	64	138	105	175	116	213	219	214	100	121	151	149	96	95	84	64	110	150
207	69	224	153	103	135	248	130	237	159	74	193	88	134	138	165	204	99	242	234	69	155	224	181	232	89	128
87	90	209	125	177	170	120	61	173	83	97	72	144	156	66	95	192	271	224	199	195	149	195	103	167	212	77	151
79	202	247	256	134	109	158	169	232	104	172	60	162	301	155	118	141	317	81	122	74	110	200	283	236	151	145
241	180	124	83	182	166	221	226	219	101	135	176	127	77	227	125	177	166	226	214	63	119	207	193	231	310	117
191	111	239	243	288	212	260	215	63	260	124	233	81	113	189	184	111	67	188	186	198	94	124	286	143	119	148
146	108	224	197	106	309	244	231	123	280	139	142	273	270	70	94	313	262	82	332	244	191	231	205	111	96	188
271	220	65	227	151	252	210	91	78	114	62	117	102	232	106	73	161	329	70	108	339	80	91	100	61	210	224	103
277	189	265	232	60	235	197	69	64	270	251	102	75	192	71	263	223	113	103	207	84	215	306	165	171	121	143
304	165	257	89	111	250	61	93	66	86	118	61	268	246	192	131	339	235	267	108	136	139	219	226	245	246	165
180	221	132	79	73	202	71	157	128	88	169	167	277	293	169	63	236	349	173	104	250	217	75	142	72	243	257	60
82	135	65	76	129	175	159	104	271	220	307	252	94	123	128	307	267	99	262	129	276	315	328	207	201	307	88
92	113	217	235	178	280	187	165	242	221	216	277	283	147	86	66	113	276	93	70	190	155	129	256	146	200	231
114	71	201	108	164	62	270	85	88	142	191	265	127	322	93	118	319	113	217	140	81	121	100	168	194	185	284
180	125	242	154	190	74	173	73	212	242	145	63	225	223	179	166	261	190	97	132	107	64	66	77	202	182	113	145
302	205	206	88	67	178	297	134	81	146	306	318	199	67	82	199	69	189	287	122	200	91	175	60	87	72	76	226	86
99	76	272	92	78	441	103	63	85	65	201	73	94	159	250	87	172	134	127	89	80	101	72	120	106	92	87	160	67	93
161	83	171	253	78	202	121	192	117	209	276	267	148	129	264	143	154	327	333	233	197	265	203	213	98	89	194
148	108	234	84	116	182	91	79	64	231	166	216	136	102	104	75	90	67	123	71	185	77	74	117	276	313	86	280	72
285	217	222	128	240	77	233	163	243	285	193	131	61	83	89	158	300	306	93	221	72	224	74	168	237	76	330	78
174	229	226	212	198	100	176	90	271	193	103	247	100	103	189	124	149	171	90	172	262	191	128	109	108	132
99	253	277	169	155	91	172	111	340	191	129	115	100	205	100	323	98	151	189	108	138	66	132	85	145	280	233
160	176	100	143	144	89	99	115	65	177	92	62	161	250	89	88	223	256	241	224	104	66	191	93	80	84	256	168	96
189	270	78	78	327	145	84	121	98	242	255	160	183	102	79	172	117	100	134	233	82	66	70	77	65	222	63	155	290
277	60	76	61	62	198	248	72	167	81	202	290	87	131	118	73	212	84	155	221	63	292	173	238	137	79	228	294	286
106	93	121	75	62	127	125	143	71	99	89	133	154	73	217	264	200	62	133	297	111	162	104	86	203	121	112	211
133	78	141	62	218	308	154	260	168	222	96	237	180	86	140	116	286	156	226	258	94	179	84	119	65	211	69	166
66	102	69	240	88	213	102	76	185	60	89	97	120	270	181	161	214	71	144	236	105	67	248	281	123	111	278	152
97	97	164	183	69	72	247	92	119	188	228	70	149	74	68	70	155	183	75	127	156	65	87	64	220	119	98	77	163	93
70	93	139	119	130	166	61	228	185	256	69	172	61	84	74	264	325	161	141	108	111	159	168	184	156	88	113	147
273	144	87	101	211	95	164	259	109	169	277	152	286	76	269	172	307	176	166	95	118	162	130	75	241	255	150
113	113	67	81	253	193	105	69	319	258	125	94	92	326	92	77	61	178	298	64	135	189	71	191	283	76	86	249	130
117	337	118	85	87	76	187	318	87	139	299	299	82	87	218	240	271	86	63	195	91	258	330	207	69	82	299	166	219
288	245	91	95	182	99	153	147	284	104	108	265	160	106	97	87	60	105	246	301	72	297	191	282	119	130	325	75
76	188	248	126	195	116	240	168	180	148	244	262	87	150	78	68	64	115	194	221	106	159	91	143	91	84	231	68
87	219	171	122	76	263	66	117	216	218	186	65	143	96	62	147	295	168	106	176	142	93	224	299	98	219	230	63
69	300	223	60	62	90	271	108	203	263	71	202	84	154	289	250	86	335	173	125	156	138	214	86	80	66	265	122
120	155	69	245	338	84	260	292	81	94	265	325	216	85	222	169	145	100	122	60	199	184	184	61	239	68	272	218
108	253	74	178	171	130	120	161	337	146	108	238	287	174	226	234	151	269	115	84	253	74	86	134	288	254	153
177	257	68	262	171	69	74	77	240	206	268	85	175	136	309	199	289	100	62	208	246	73	167	214	96	89	138	306
235	197	110	60	216	315	198	66	280	91	242	283	200	278	253	256	285	160	60	151	146	286	127	85	60	87	90	144
79	61	145	69	195	141	190	255	117	133	81	67	223	157	163	250	172	92	74	240	80	96	159	175	186	112	60	110
137	95	218	84	130	99	206	136	93	223	187	309	273	286	126	205	197	199	207	62	202	326	257	103	164	100	203
150	249	75	284	100	217	62	136	338	286	79	109	178	93	68	142	117	188	205	61	90	128	107	174	90	239	63	76
67	129	214	73	295	96	61	99	93	141	165	200	124	121	118	99	97	97	181	70	137	115	228	129	182	97	158	190	280
94	197	110	173	274	270	247	98	112	164	298	212	292	191	229	85	156	311	318	105	109	102	147	207	145	95	171
100	295	132	139	195	291	218	128	212	301	112	117	199	63	206	65	279	234	195	159	61	198	79	211	251	105	133
78	181	117	268	200	194	193	81	218	73	74	81	185	275	224	60	124	275	278	238	181	87	208	122	103	117	270	258
179	125	256	274	290	208	323	195	226	248	126	176	115	205	69	125	160	188	63	65	93	90	79	112	78	219	210	69
224	193	199	203	102	85	141	65	223	103	103	244	105	98	67	109	224	102	298	204	85	199	329	163	114	221	113
164	92	262	196	96	153	222	327	130	261	183	292	172	61	172	236	226	78	247	119	293	64	324	176	89	90	166	121
164	258	278	168	76	161	136	285	234	104	135	112	91	244	239	229	252	84	191	92	60	139	209	213	137	99	110
301	117	160	125	335	208	73	144	80	254	217	246	92	240	134	328	99	62	148	210	307	233	274	285	260	61	148
219	292	78	165	81	117	130	129	295	60	229	243	226	75	65	173	100	99	116	101	127	162	124	281	68	153	165	101
306	213	90	73	305	105	100	132	157	128	76	171	223	210	235	117	289	135	74	64	99	135	138	280	112	93	167	91
183	105	74	130	66	62	218	202	68	245	193	85	198	93	229	139	229	92	170	93	98	310	124	101	120	162	183	98
183	175	206	327	208	215	123	150	217	250	85	144	83	312	95	127	165	273	253	330	108	158	209	290	84	129	262
319	68	139	202	81	295	105	164	70	92	110	270	144	75	186	240	124	227	316	82	97	225	200	123	63	112	87	144
179	95	215	180	76	216	79	197	132	114	107	84	165	106	128	186	212	146	111	80	74	199	173	82	65	293	87	272
77	86	252	143	147	207	249	64	74	91	105	76	137	136	139	79	192	183	89	113	220	64	69	257	261	200	239	87	68
248	189	157	235	95	226	111	190	79	206	117	104	190	259	120	131	196	256	80	72	130	159	77	261	60	238	89	133
78	238	97	117	249	123	123	158	125	186	252	70	64	76	151	108	175	231	188	87	256	198	102	237	108	130	215
184	83	221	225	86	65	65	252	114	115	257	245	187	151	118	126	227	241	156	264	68	78	162	238	195	288	80	114
94	142	116	235	212	153	122	163	139	106	124	91	270	115	345	331	92	108	79	130	198	126	63	63	72	67	98	137
85	218	67	193	102	74	137	85	246	60	85	122	115	167	119	77	198	129	107	82	244	284	230	86	92	308	178	142
101	148	246	328	233	60	169	306	163	146	134	187	208	199	171	188	157	186	97	254	91	195	63	83	60	85	168	78
275	107	126	72	126	66	328	138	113	135	298	93	151	140	124	200	60	68	79	210	190	322	299	105	125	113	128
220	228	131	140	100	94	235	229	128	114	134	171	145	142	169	68	83	94	163	233	242	117	72	168	325	97	70	115
87	75	103	85	74	80	141	63	119	120	64	193	132	161	112	97	103	88	111	103	62	65	157	241	200	93	171	82	151
108	193	65	177	304	137	194	110	292	252	232	85	230	100	104	197	210	136	167	72	132	108	68	207	197	82	164
327	263	107	134	128	202	128	166	68	140	167	93	138
