	830	776	782	806	809	812	773	836	856	782	799	829	806	822	792	845	825	785	785	826	796	807	798	838	843	743
766	815	809	794	826	805	819	807	817	797	925	792	785	822	753	810	785	767	790	751	796	805	789	830	738	812
790	785	780	847	809	777	789	806	783	811	797	807	796	799	776	790	795	785	798	783	785	778	800	792	794	820
800	787	811	800	794	835	788	808	845	773	812	821	809	827	830	776	775	791	768	817	799	804	788	793	810	782
806	769	761	776	794	830	816	800	785	801	800	785	801	783	753	814	759	814	813	749	804	767	793	792	773	787
793	775	797	826	796	870	770	800	840	787	787	820	781	811	786	746	838	772	780	796	809	781	821	794	771	834
849	789	773	797	822	786	814	816	788	791	801	757	770	790	787	788	820	765	815	805	776	799	845	783	803	829
282	821	851	854	797	837	837	804	820	815	659	849	802	824	795	826	804	852	869	824	851	849	834	831	862	817
826	830	808	858	832	845	819	834	839	825	792	817	790	833	840	827	811	830	872	834	842	835	813	838	840	836
828	832	821	851	830	840	827	824	814	824	850	833	814	839	843	812	836	818	291	851	828	819	848	820	765	826
825	828	815	806	841	847	828	868	806	808	830	819	831	846	802	802	792	766	829	855	804	844	850	829	823	827
811	845	847	815	822	837	827	829	800	845	835	803	862	803	840	826	822	838	841	851	819	866	839	853	814	848
822	834	816	815	841	854	856	816	842	829	804	857	812	793	838	793	819	837	810	826	784	785	801	860	817	803
837	793	796	846	828	821	810	822	836	838	818	813	837	787	863	785	820	182	824	834	776	814	837	814	780	816
826	838	819	825	808	818	813	832	795	825	835	838	803	824	817	787	816	832	764	791	804	795	819	805	772	802
841	791	792	835	839	836	814	807	806	815	819	811	793	810	786	819	818	837	821	831	836	797	831	824	800	803
826	832	762	834	816	742	813	834	806	839	807	787	794	798	786	817	782	835	836	802	814	821	815	806	834	782
786	786	811	799	769	812	840	769	841	825	787	833	783	802	831	806	766	813	815	781	848	808	805	898	797	800
782	835	825	801	833	819	787	814	785	793	844	824	792	827	793	763	811	803	844	818	816	821	800	792	827	835
791	826	840	804	805	814	758	804	816	782	836	833	828	302	806	897	794	809	800	302	811	796	804	831	803	772
811	779	872	810	801	843	794	782	824	859	866	874	815	859	887	880	876	827	833	878	867	899	886	843	863	803
894	834	842	917	867	823	846	905	800	874	867	906	813	883	831	878	934	835	819	890	882	838	891	859	862	906
948	885	847	837	851	843	855	899	864	860	882	886	862	839	883	844	867	821	877	881	863	890	868	837	901	853
887	825	871	792	827	847	836	900	1026	863	872	825	807	896	870	822	904	861	769	869	905	764	866	857	870	914
852	845	797	805	826	956	905	788	788	865	927	860	855	868	864	876	837	979	850	878	870	819	836	870	807	954
909	886	825	891	856	959	885	863	857	892	837	836	851	884	833	813	819	823	1114	834	846	859	900	866	853	825
836	858	882	828	845	892	886	841	823	886	871	894	889	855	888	833	861	887	872	927	843	876	953	860	897	869
976	857	864	840	903	812	819	788	860	865	827	848	877	835	785	859	836	879	816	836	888	815	926	868	817	817
866	849	796	810	855	861	780	848	722	866	880	226	834	811	929	813	897	803	831	953	845	883	843	800	858	848
846	828	819	856	813	803	851	862	842	869	858	854	895	857	852	863	889	856	818	842	859	838	839	845	865	891
842	868	850	814	860	814	850	912	865	906	844	830	796	871	835	813	829	844	889	838	859	872	845	849	888	842
855	870	860	847	898	854	847	828	886	837	862	887	849	848	855	859	820	871	824	324	885	827	871	867	827	815
803	853	815	815	820	827	881	809	854	822	932	816	860	836	836	884	906	851	856	872	867	796	828	786	859	851
841	846	867	839	867	841	818	854	861	802	813	871	903	827	851	814	842	811	946	779	825	818	825	853	818	806
776	835	854	833	821	832	771	833	888	838	851	840	802	802	478	791	802	824	832	849	846	838	838	814	821	788
841	850	863	795	480	867	791	456	827	956	442	817	1065	418	847	822	842	762	911	849	800	821	875	825	821	826
815	826	878	951	759	798	938	885	842	859	826	846	1000	849	845	838	823	885	830	873	855	808	886	1038	853
841	834	699	798	841	852	812	819	852	833	814	837	831	779	821	861	816	836	873	836	826	823	818	865	817	817
865	844	893	805	779	825	893	799	841	861	840	871	812	907	897	827	795	853	801	797	899	860	847	821	801	808
802	839	824	826	803	823	862	790	856	837	919	841	859	796	830	788	841	818	818	306	827	790	818	816	847	821
801	830	830	836	817	809	813	847	828	811	839	457	796	807	815	827	799	457	828	824	868	802	839	818	810	799
836	829	804	870	814	829	826	850	801	783	873	835	843	1180	810	818	786	834	811	828	802	781	916	799	827	753
808	832	828	811	837	790	826	939	815	802	825	823	791	820	818	822	818	781	813	819	816	841	815	765	841	829
824	916	811	836	820	818	813	793	787	819	821	803	811	814	826	829	803	938	774	817	846	836	928	916	899	803
856	826	807	824	830	840	845	820	824	828	776	788	821	804	815	806	802	940	910	823	803	870	838	840	940	820
826	816	827	831	883	813	783	1001	923	939	802	822	891	825	737	828	792	821	823	926	831	811	819	808	942	864
840	818	795	831	794	1252	844	931	806	807	769	868	839	811	826	838	944	808	862	815	829	861	789	811	886	810
830	871	808	854	813	794	828	906	953	792	822	805	828	815	812	823	929	804	874	882	862	852	844	844	853	816
853	932	869	921	817	907	793	946	837	929	853	867	917	1019	938	823	972	834	912	948	865	767	931	830	976	824
939	841	527	831	864	525	846	948	951	830	809	955	852	855	858	807	928	830	797	866	954	854	831	981	866	940
944	787	846	945	841	823	962	907	925	869	797	826	873	921	862	867	791	844	827	990	970	868	893	905	858	985
894	827	821	923	840	839	950	849	964	844	849	922	845	958	942	923	922	827	917	972	866	938	843	848	825	911
956	850	803	935	932	832	825	832	960	954	843	845	848	970	964	968	850	855	821	932	857	964	809	761	849	828
959	822	976	964	964	898	846	818	945	940	886	984	845	944	986	832	956	879	836	984	1007	931	898	902	871	976
988	954	971	980	364	820	868	933	857	845	782	944	971	943	977	988	937	979	996	811	842	939	975	979	1051	865
813	810	875	817	976	1032	818	831	964	926	981	976	902	994	869	939	812	947	1000	862	818	947	959	956	984
982	1019	784	955	989	1001	966	824	985	887	835	828	982	912	1008	971	936	1001	1002	970	964	974	965	913	866
941	837	982	850	774	953	908	826	959	821	828	962	811	957	828	825	801	957	972	876	993	953	893	975	817	955
848	891	876	867	947	987	954	810	981	824	869	974	960	984	847	844	990	315	925	1053	339	230	380	283	365	836
641	348	830	930	1024	660	596	221	192	384	898	513	536	206	976	1013	209	861	911	429	524	1010	466	230	602
475	343	462	274	271	654	234	693	600	640	775	482	323	1186	748	285	613	723	498	909	508	338	611	245	249	195
571	222	276	818	858	371	568	423	1078	222	942	482	536	487	974	216	342	244	353	320	590	452	384	371	595	474
305	940	493	319	518	973	659	607	1105	977	444	328	368	254	447	947	770	938	457	389	553	639	602	351	935	300
429	744	893	311	325	273	432	1033	530	443	485	532	190	1011	338	545	702	287	415	373	719	432	253	599	930
642	436	259	417	538	516	293	274	1037	618	363	595	265	912	404	430	395	977	631	709	664	610	811	383	361	479
488	399	891	193	430	313	906	466	328	427	451	925	882	978	965	1014	565	690	990	971	633	679	395	1003	690
323	1055	632	484	355	636	629	586	326	610	881	313	424	476	297	283	937	483	300	407	991	338	642	707	540	186
744	604	665	256	841	402	668	955	940	969	988	820	887	897	971	943	724	901	856	863	916	924	945	858	928	985
961	660	460	912	959	916	907	526	943	794	288	945	976	986	479	974	410	770	983	992	437	566	334	946	699	990
936	335	567	870	615	803	775	307	411	181	969	616	968	778	613	989	983	998	887	735	995	937	586	969	707	989
677	942	959	946	592	934	855	1004	784	913	193	1004	944	1048	907	608	1055	784	355	994	617	873	589	960	962
304	606	1012	386	446	1009	674	958	557	311	854	631	291	408	608	377	600	263	1017	1015	314	1005	902	568	980
956	414	945	939	360	963	416	723	992	990	966	813	634	939	1002	1017	521	956	883	197	1006	932	771	958	948
684	1245	991	865	1026	929	894	978	996	961	1005	961	863	879	789	945	622	373	795	872	385	952	905	951	188
934	754	940	824	573	913	946	885	891	893	321	296	788	806	609	511	219	909	831	971	587	831	756	721	873	964
979	892	940	932	891	951	948	593	958	898	982	909	941	717	911	844	889	563	977	565	947	1015	966	954	888	509
937	934	900	592	814	985	942	838	1223	824	998	761	976	919	1013	589	998	963	981	995	915	349	455	966	627
978	943	826	617	696	1040	626	607	996	992	880	971	180	383	804	870	986	1024	1007	917	910	920	596	888	960
607	1007	981	438	929	1016	923	953	978	293	956	827	901	405	1003	950	1007	962	990	303	910	819	908	1026	1011
951	796	985	966	941	605	701	978	481	1252	944	948	948	892	625	943	907	921	1022	775	585	743	537	1018	720
787	295	961	898	973	917	535	256	491	730	380	600	892	985	1005	992	606	852	728	990	996	464	586	937	951	980
892	900	570	942	959	964	915	899	568	946	909	887	978	1005	481	944	794	591	594	1015	998	869	554	946	1003
964	274	853	958	315	865	534	989	924	819	592	535	920	836	929	952	594	354	810	569	1010	1005	704	366	968
993	981	923	349	890	1007	1011	933	590	918	591	594	309	992	958	1016	1023	1003	1038	988	1011	370	519	372
933	360	1008	205	1014	575	937	526	1006	991	1010	340	593	479	866	1027	870	890	364	1030	933	1012	1001	1026
266	953	844	879	258	771	434	238	707	971	723	753	562	1037	586	964	953	530	638	348	278	959	739	1010	363
1018	727	948	365	969	1008	1032	607	970	723	254	903	1023	942	1072	629	715	966	716	889	1034	776	938	912
313	789	1042	1025	939	539	994	898	806	730	227	749	1021	948	899	1000	1005	241	964	902	940	913	1014	1022
965	976	934	542	987	258	554	975	1008	1030	926	903	693	878	952	983	627	820	974	970	981	896	665	933	981
978	781	283	922	946	974	944	1023	936	869	985	365	911	479	990	860	951	983	667	944	1043	980	902	973	976
898	985	574	427	952	916	991	791	926	663	893	984	994	999	632	942	881	720	943	1048	1007	1011	862	970	965
539	840	1007	734	706	958	985	716	396	581	902	650	916	1043	1011	1029	888	813	955	825	728	956	935	1039	964
811	717	1024	1547	729	517	964	933	1006	855	952	966	910	503	989	1025	642	929	597	412	664	634	747	976	916
450	939	890	936	994	1025	867	636	814	954	597	976	839	274	1003	1015	540	486	939	190	707	951	393	715	780
687	647	991	933	926	888	520	992	929	603	889	922	958	977	1065	787	1022	872	1004	956	965	970	965	887	965
964	746	1002	1024	1040	966	973	1002	932	827	998	946	1016	947	1020	995	662	786	966	1239	969	955	995	981
1010	1154	628	934	1006	1022	971	1019	855	982	1000	1036	944	1016	996	1029	971	916	983	973	976	941	1018
1035	995	974	981	770	773	1019	842	418	779	976	958	956	788	538	1019	1033	551	639	959	951	1027	924	972	770
967	1010	963	992	866	635	1014	568	765	973	867	892	991	971	965	928	624	991	1011	951	983	904	1012	989	962
952	631	1001	966	924	482	966	967	916	586	864	882	981	972	294	702	963	967	852	901	942	960	931	953	1002
1039	644	924	707	732	950	383	1008	805	752	958	685	913	943	1025	992	823	980	687	414	932	693	702	522	931
482	593	959	498	839	878	757	841	852	662	908	926	1132	949	1493	972	1251	980	809	953	568	579	835	571	897
765	968	510	1086	668	666	861	966	1141	903	514	928	888	990	910	992	864	947	936	936	983	1004	719	940	510
1277	1006	738	1019	747	945	1013	953	842	940	972	969	962	1006	735	683	909	738	842	971	967	968	942	962	785
571	1006	633	1022	960	579	974	831	585	1021	972	983	807	990	1035	730	936	1009	980	1059	1081	1030	975	1079
977	745	1005	1023	992	1017	732	995	581	554	959	973	651	969	878	991	1046	1392	1020	845	1013	942	1037	815
906	980	795	1020	908	1011	965	837	964	1010	996	988	948	939	492	1039	963	643	1010	1016	964	1024	769	970
812	1008	964	377	731	1021	960	585	1029	525	621	693	991	1008	1172	941	935	548	1001	954	979	532	922	945
763	1014	989	962	938	955	257	934	915	440	273	1019	545	977	987	1000	916	932	812	685	987	910	1014	1336	1328
975	976	1004	985	935	986	900	933	931	964	942	984	871	976	1034	752	489	926	899	740	974	672	963	982	535
956	644	964	769	939	912	846	1050	603	945	979	921	593	1014	814	894	962	1037	1015	983	782	966	942	1013	996
972	939	937	929	907	1003	975	1025	1021	991	949	805	944	987	364	836	922	1014	640	1016	760	756	966	669	964
974	967	795	929	879	1043	1014	947	971	954	740	630	1020	980	570	968	849	950	1003	1014	775	925	854	827	633
980	858	1029	1023	649	972	952	983	961	909	1025	1045	831	837	1004	1018	981	663	495	975	939	975	928	1009
764	1036	1024	762	1010	830	973	853	738	538	873	1004	986	979	1020	1043	1003	958	945	882	980	968	800	968
1002	1008	941	959	877	1018	548	867	1048	916	964	953	1016	951	996	971	1028	1004	991	509	975	546	703	978
513	409	1028	1005	953	1012	951	978	1011	990	937	953	860	969	977	1001	1137	538	921	980	921	706	868	999
923	971	955	990	902	426	932	634	970	630	899	919	1013	940	872	1126	947	955	647	968	953	920	965	875	733
923	1039	937	929	893	995	957	1008	979	969	1049	1262	940	307	1005	923	681	959	972	1077	532	985	997	968
693	951	571	994	972	926	572	967	1004	1043	925	1018	989	1043	959	1005	978	973	964	1010	992	1003	192	1007
772	986	967	942	416	989	1015	1013	556	991	938	1024	440	710	601	517	1120	972	968	999	363	1054	990	623	991
1020	1045	1024	1071	768	973	1020	640	1077	867	943	788	965	729	963	769	738	946	967	1017	998	1052	963	247
997	251	965	994	921	990	949	951	859	706	991	996	982	954	1011	784	1047	718	953	987	1021	905	940	972	1001
976	945	1019	1008	987	971	961	929	1030	993	789	742	998	914	952	831	971	941	701	931	648	990	1013	979	1008
1017	1008	957	977	964	961	965	990	1018	1000	943	848	943	1049	1026	969	974	1079	709	965	597	902	583	708
826	638	981	801	358	915	679	377	923	972	879	900	556	912	955	654	977	885	997	589	772	342	962	829	784	608
404	597	915	891	978	894	936	415	906	858	358	1000	897	982	514	902	554	992	488	945	1004	969	1003	807	1008
937	1017	532	910	529	937	746	851	484	1014	962	898	1017	1013	979	975	1047	469	340	952	659	1012	1027	726
348	907	1017	579	1003	837	960	573	689	873	931	433	962	989	1008	812	761	984	784	776	380	780	1003	444	639
964	824	1007	883	896	988	1006	1012	492	759	560	993	1024	1079	628	1012	1016	979	973	972	698	410	804	588
522	928	1052	1042	1010	931	513	976	861	968	1312	918	944	949	980	1046	1041	977	1000	966	962	993	934	893
663	985	736	918	1109	977	991	929	601	628	748	895	397	986	947	533	761	694	847	1011	991	901	1020	525	1040
965	978	532	304	1061	756	673	1041	984	967	182	788	733	957	709	610	576	572	453	434	561	775	884	869	369
940	826	988	676	917	755	589	1007	690	887	536	876	899	922	812	943	557	527	746	697	533	616	915	972	955	949
608	448	950	950	940	791	366	897	346	812	651	880	839	979	802	873	915	859	1022	544	976	1022	1025	1022	613
948	748	797	777	825	879	500	643	716	609	705	982	981	962	935	963	851	893	864	1019	991	523	916	730	962	596
691	1024	1024	441	970	975	718	686	1070	482	783	1288	1063	993	819	847	248	912	588	1023	864	1039	901	832
948	930	698	855	1007	562	1017	983	1017	667	816	874	1026	953	942	466	685	709	318	721	861	998	1013	943	645
844	562	1003	1003	716	734	956	883	839	999	1061	967	517	677	895	779	921	908	1005	239	939	947	203	891	917
1025	603	941	482	539	554	980	504	607	180	620	501	803	928	694	929	901	952	934	959	887	820	927	745	986	471
442	924	682	399	1011	578	732	560	355	932	767	816	1007	938	1005	967	649	863	968	958	418	869	940	819	750
945	595	1036	1023	775	979	754	999	957	668	1001	762	616	764	1002	910	914	920	720	741	686	967	947	845	490
771	846	954	843	912	797	1023	684	819	975	542	709	926	966	927	1103	1036	975	1160	980	1234	806	980	871	965
987	571	935	872	543	1009	1032	813	1048	1023	869	960	991	962	1010	959	900	1025	923	1044	918	821	1023	669
938	777	1024	841	984	974	696	928	258	1041	1029	704	994	973	1026	948	687	740	1007	325	980	952	982	970	745
966	655	772	932	844	838	874	789	739	428	649	972	752	925	806	1041	998	1034	1037	1133	964	1065	946	614	245
1001	1026	1035	327	978	984	996	822	904	1041	991	822	410	448	963	656	808	907	497	938	779	973	983	955	874
901	914	915	950	389	940	927	972	181	818	905	900	908	914	562	845	892	597	891	940	962	968	995	680	833	921
797	950	967	1032	621	802	1023	917	567	944	884	764	1013	583	979	906	912	961	690	956	990	585	998	790	967
964	788	915	940	578	965	1005	658	864	641	894	792	940	777	1029	956	800	788	756	337	978	935	972	596	944
997	1176	715	947	939	523	186	1040	828	944	765	299	782	995	329	933	961	977	965	949	1029	821	968	940	948
627	524	775	1234	531	781	1039	649	980	1011	966	697	804	213	1009	1045	927	942	534	876	856	1026	623	1035
1051	1037	1024	991	764	992	1031	998	1063	1011	870	923	746	927	1003	991	1301	777	856	1101	648	1041	432
1004	678	941	653	1036	980	940	322	943	1012	641	772	1013	956	1072	991	927	568	700	860	922	894	1015	903
939	1006	426	1038	601	580	1034	1023	826	762	656	935	936	940	1027	1040	1026	931	939	913	1032	869	1064	1056
736	928	936	927	999	629	875	1005	1030	1023	1013	1038	1029	959	938	940	926	943	807	1009	1029	999	1032	1161
1035	936	812	928	800	776	1015	832	963	936	1006	1014	384	943	931	947	1042	1055	1047	1047	802	818	830	907
927	906	781	938	948	876	904	752	903	246	890	822	986	854	220	949	943	921	782	795	1537	1041	737	1028	886
946	1153	927	849	910	904	1024	849	776	805	937	966	1237	631	949	978	583	941	367	1420	1036	758	930	948	947
1053	805	413	1021	938	952	928	873	1055	829	1061	1033	953	927	755	714	939	948	922	943	1048	945	1036	1020
1062	1026	1013	975	908	957	988	1028	1016	948	847	941	1229	1027	916	867	804	1007	847	942	948	930	1136	980
688	1000	702	907	687	242	818	1010	1022	922	880	791	959	1012	834	1046	961	1016	1022	944	951	597	897	927
939	679	922	545	754	1015	877	926	819	875	980	1014	1008	1018	1020	861	972	1019	1021	259	964	888	875	1282
747	230	1006	973	1041	677	680	911	896	783	969	974	977	972	799	934	1046	567	993	843	979	499	932	982	963
686	966	1020	871	1042	964	1018	981	775	1023	1005	956	851	956	931	1022	997	959	973	976	975	1572	557	478
569	555	956	1015	831	1044	973	598	843	983	817	973	975	1027	1038	1033	802	781	785	890	971	839	228	1028
1032	976	982	892	801	1020	1038	1028	701	978	995	988	983	1044	1033	866	770	948	636	439	668	926	484	907
470	1047	1029	918	986	990	979	519	913	994	847	1022	1054	861	494	981	859	963	1009	1020	898	847	926	1007
856	656	986	930	944	963	1030	1039	1027	843	783	822	1037	832	980	974	437	848	550	793	1028	768	831	1019
975	935	980	979	789	976	908	552	1058	938	599	954	959	849	943	993	923	1043	1024	851	970	935	975	997	967
1017	1042	989	1015	980	960	966	953	1012	1023	983	948	727	1013	953	843	838	660	738	1036	598	899	900	829
816	1025	762	662	962	880	538	528	1346	1045	1008	560	888	482	985	673	845	1045	907	948	1038	1051	1018	903
615	764	978	794	876	1041	671	980	857	970	654	969	1044	902	937	870	791	914	1026	949	842	1054	863	979	989
913	830	1053	738	965	970	991	1040	371	957	963	999	876	791	800	981	785	806	1017	797	1045	931	662	992	952
977	989	839	1051	1027	1041	984	900	1038	1043	851	903	848	920	299	787	1037	834	779	975	920	868	877	838
637	941	896	562	933	838	698	944	541	902	1047	564	969	1002	1023	994	985	483	986	879	974	971	1006	466	1042
943	1018	1040	1228	971	976	1032	852	859	722	901	980	1061	826	816	992	982	968	1004	859	1017	961	1018	973
1004	811	1006	960	1010	1026	460	782	947	995	883	960	914	962	1005	953	439	1011	458	981	968	1036	990	985
700	1019	930	721	905	930	843	966	862	881	1023	768	1010	980	997	961	1025	962	919	753	1028	1020	1066	890
930	824	1004	1038	1035	975	982	997	1025	327	1018	968	986	805	477	975	826	866	932	1107	604	688	822	1008
494	977	820	991	892	993	891	650	858	873	968	269	1026	906	1024	973	885	708	1005	1027	1028	859	1035	1027
1041	714	760	891	1033	988	833	775	850	978	747	504	1015	977	906	773	901	973	963	1039	695	938	851	643	1042
491	916	745	991	964	900	469	767	426	966	782	535	1026	846	1029	753	887	896	892	1040	823	1013	1028	704	734
775	858	890	867	972	641	599	1007	985	240	953	977	903	1027	353	747	944	917	777	980	288	950	897	945	1024
814	995	414	892	290	547	974	364	871	230	767	794	650	837	973	322	963	926	321	258	1052	1032	889	630	258
867	981	548	294	826	1115	761	326	976	335	615	790	215	1231	218	949	1001	953	811	595	450	244	204	313	606
578	451	561	619	561	901	546	944	300	995	627	599	662	627	927	308	1016	902	611	220	939	277	456	942	540	986
947	723	988	452	246	205	597	823	209	575	771	970	416	481	983	989	250	973	745	201	581	317	618	965	535	340
273	634	252	628	236	1038	604	955	219	970	765	934	473	239	630	1000	974	251	496	576	280	907	1055	626	714
314	626	495	420	289	628	591	388	410	589	258	897	872	625	400	542	264	979	1004	292	761	461	486	238	220	787
620	940	884	261	844	966	867	1020	214	242	467	579	530	980	729	939	335	1009	911	284	252	426	259	282	1013
240	938	542	359	953	1023	880	961	984	247	1002	950	430	518	981	680	982	282	737	835	908	954	493	984	945
1000	222	501	645	993	971	1013	976	911	825	928	876	943	1021	631	1013	886	1005	532	305	316	558	1045	811
630	956	1011	525	975	613	848	866	904	211	1045	870	600	914	610	427	189	338	390	284	244	926	878	414	649
561	998	442	946	275	814	959	191	974	198	944	995	925	932	952	596	888	673	874	613	933	718	982	979	509	220
354	999	980	929	286	404	969	947	559	914	196	1024	233	432	903	598	238	953	581	306	988	220	745	964	742	527
620	954	351	952	436	764	557	439	1086	328	464	956	297	541	423	358	385	180	969	623	931	1118	997	624	317
238	936	989	1011	972	631	981	964	324	966	307	1017	385	297	978	936	586	268	991	992	1016	581	1029	333	1094
250	335	1050	258	982	1330	276	1017	615	985	960	219	977	597	1041	598	1015	222	911	617	589	270	262	413	954
595	986	969	644	600	1003	625	920	952	558	599	271	600	745	491	932	694	993	981	887	914	419	247	187	626	259
997	423	872	1016	937	960	987	367	988	478	295	345	1008	979	993	973	1050	230	1018	818	283	993	816	959	491
213	779	419	919	260	225	597	969	957	887	1050	294	544	979	202	201	882	529	787	993	1001	637	949	380	233
866	472	258	956	907	449	327	252	245	213	278	663	441	438	210	433	693	263	275	923	624	943	905	971	1069	264
903	1012	995	1019	940	353	953	1043	939	610	338	814	830	627	991	713	960	414	240	964	662	885	815	903	214
973	810	954	886	531	320	408	429	921	641	283	1056	246	391	625	949	712	905	238	974	1005	198	283	770	482
377	714	616	358	532	660	548	815	393	967	642	359	260	283	709	213	845	239	197	790	433	985	381	696	999	948
604	307	962	375	1043	333	984	649	198	896	435	827	630	964	298	599	339	828	219	411	949	510	348	385	318	828
919	281	990	848	981	582	689	418	828	282	514	939	579	814	225	683	598	924	373	490	334	844	447	821	738	477
343	193	198	710	979	296	314	229	1001	252	211	299	599	292	865	725	706	922	941	287	296	566	582	972	533	283
517	974	890	295	934	987	1027	805	572	736	948	289	512	1014	538	524	936	246	955	606	439	254	610	401	886
271	1027	1007	385	271	704	318	751	754	326	246	957	626	912	742	616	571	633	224	612	872	526	477	536	294
933	291	448	266	594	536	839	455	1016	229	573	1027	455	1006	603	676	691	333	804	711	367	599	184	926	829
928	996	965	1017	434	296	819	528	453	778	381	377	614	480	468	521	692	468	303	803	785	651	867	791	359	587
596	466	462	1052	294	375	874	811	641	503	759	485	471	769	693	624	735	381	785	320	630	197	687	726	238	1054
876	721	605	250	760	312	752	213	1001	255	1041	698	276	403	444	405	589	781	211	963	344	1062	381	771	302
351	423	752	967	673	466	729	593	398	431	1001	301	249	507	872	1025	730	921	1044	465	824	293	941	642	444
996	263	573	382	865	295	1074	238	868	1005	585	876	276	983	579	692	839	1021	226	403	725	1016	280	615	337
921	497	995	608	284	197	1022	542	1047	408	617	956	660	637	709	585	1007	622	580	531	317	916	944	996	736
455	906	390	919	1048	956	671	1021	1052	619	1070	776	259	956	1006	860	908	1154	940	383	558	314	505	188
916	297	289	291	455	590	791	993	1010	464	331	872	280	619	1052	417	830	1055	649	1035	813	185	548	340	902
355	567	634	937	380	439	986	995	510	305	987	936	958	1053	237	262	956	467	977	554	275	583	903	575	342	862
458	909	399	600	1062	438	513	994	435	234	949	757	496	1035	938	196	236	338	895	965	265	298	394	254	241
1039	234	1004	661	1007	708	549	1027	466	716	937	388	618	703	560	1025	979	577	281	317	981	943	613	1045
619	948	1043	299	249	1015	935	1052	845	372	914	765	575	270	825	923	600	363	921	975	916	411	898	958	914
844	966	990	785	955	667	649	909	1028	1044	1062	923	593	569	975	1079	573	872	1064	635	472	267	688	401	1066
973	983	951	944	969	342	803	968	332	980	955	918	954	994	571	992	955	884	1068	895	992	799	951	982	1024
1082	1068	993	939	947	567	977	806	843	1075	865	930	621	948	515	802	677	559	843	943	804	976	822	1012	1063
978	830	864	997	967	1068	750	1001	919	1065	950	508	976	1023	1030	954	546	963	740	924	951	941	849	864	839
577	920	1041	932	627	473	411	743	589	1044	643	924	524	1022	1025	814	953	816	883	1026	778	776	578	386	556
381	1026	1050	781	1020	962	1063	463	638	804	946	984	333	986	207	1017	690	417	1049	1041	455	849	657	1076
921	706	935	433	625	902	1045	814	921	557	1073	793	558	875	617	966	1014	1011	1067	240	1088	1064	805	960
624	1025	755	497	458	954	781	1093	998	990	544	858	655	370	699	591	902	705	1062	1083	510	975	1015	1040
1011	974	896	1018	945	1000	964	303	992	949	1034	993	772	1088	629	857	552	885	878	507	804	1000	1041	647
859	980	745	739	930	421	960	944	923	977	927	524	457	836	744	1030	923	480	889	715	1056	904	1038	998	1015
983	818	606	1010	1063	763	1057	1030	925	857	1070	989	1003	349	850	1028	1012	785	1072	1007	1048	869	974
906	903	647	883	612	587	715	1051	649	1075	709	1039	930	844	263	1014	996	280	1089	1043	574	979	608	1026
468	867	997	248	1065	957	946	799	907	954	532	858	686	938	1077	1061	631	218	778	978	944	987	616	872	720
869	917	296	779	851	1009	310	1011	260	983	617	815	1076	893	1080	759	986	1006	1043	1087	916	1009	405	862
1064	1007	1080	1002	1082	1000	817	631	1055	968	992	1013	1048	1049	780	1073	391	880	1015	1000	899	956	951
685	1066	936	868	812	258	966	965	601	694	1088	1024	896	902	1011	502	958	973	633	937	850	650	1057	1061
730	1004	1015	1071	824	902	1003	964	649	1021	876	998	754	992	1055	817	921	717	955	1074	1000	1042	893	585
972	954	1028	938	608	1032	900	1067	975	718	978	1060	457	1080	974	915	483	489	703	889	834	836	670	691	708
1055	737	1061	980	604	975	1021	1009	1010	825	1017	1010	747	986	932	994	961	817	588	709	961	676	1015	857
1036	1048	429	824	882	985	424	902	700	840	610	571	689	781	603	962	998	1047	713	714	702	455	1042	969	954
1001	1058	708	701	713	905	1051	992	712	1050	1032	710	702	715	890	629	1024	940	1044	927	1044	708	665	337
702	1045	1065	823	702	1012	702	1050	957	1054	750	969	1055	1065	881	1057	821	963	970	713	1076	999	415	650
723	916	1030	1083	1032	852	1063	970	627	1046	418	580	887	251	1034	1062	899	811	967	938	718	1021	711	701
712	707	879	1080	930	887	711	704	788	1053	1033	339	704	700	882	415	736	1035	877	576	850	1050	751	849	909
257	1060	662	1057	362	968	965	1007	799	697	597	851	609	1035	1033	664	910	1062	699	708	552	346	561	653
970	1022	854	326	350	1018	1038	1011	728	928	873	957	948	950	1030	945	502	988	981	651	893	963	976	818	985
930	1051	1020	1005	694	834	952	1006	976	699	994	862	844	850	1030	967	929	1022	1007	977	935	993	990	1046
979	1030	1001	951	994	1043	859	1010	998	972	945	960	992	1005	915	1048	1049	1036	886	1012	862	913	1056
665	742	1021	1014	964	863	993	256	1052	926	972	1069	990	401	999	926	953	879	972	1055	700	1048	945	1050
1011	794	833	1056	1063	935	946	1019	860	983	981	983	996	501	949	646	1040	855	976	965	804	479	824	197	919
557	1014	643	641	891	874	981	634	849	526	947	919	993	588	1021	558	739	329	902	435	982	568	964	915	458
892	295	852	920	265	1034	473	682	777	787	647	1015	1011	312	851	959	906	973	583	1033	670	996	973	844	909
1028	922	930	961	886	894	1000	1128	513	635	941	996	1034	970	783	636	973	469	899	593	950	781	275	885	622
829	938	754	900	709	956	302	974	899	1006	509	732	927	958	954	895	658	738	993	704	948	957	625	1030	605
349	940	598	920	733	875	950	996	873	863	326	968	964	960	987	900	979	976	918	964	702	548	986	898	976	728
906	987	941	780	973	542	951	626	865	786	965	386	944	889	983	963	908	880	733	248	636	429	975	1030	894	979
1033	362	1011	765	911	1043	715	959	908	1008	1037	947	1004	992	990	927	903	891	1038	275	957	581	1032	720
901	990	1068	1056	947	493	881	919	1013	989	1077	988	601	970	993	858	876	1004	615	952	419	975	982	989	899
928	887	993	930	417	991	343	999	427	408	931	322	729	995	847	561	990	564	920	551	1064	1034	355	836	219
831	980	547	996	1053	659	952	974	657	1000	1011	624	615	858	918	977	636	963	1069	875	470	606	608	503	847
614	961	898	997	996	1039	604	264	902	866	798	503	1014	545	720	1056	199	237	925	858	992	579	961	590	877
745	778	964	523	604	535	907	988	845	559	563	908	596	328	993	953	653	957	990	993	519	259	950	1009	560	590
1048	929	951	959	962	979	911	352	957	1014	926	832	463	1024	916	598	875	950	979	951	637	971	744	974	969
821	736	827	953	589	1025	790	974	990	929	907	887	955	930	738	1020	1015	921	1016	1029	1032	730	803	919
799	596	930	882	960	872	763	972	893	895	886	902	810	833	289	986	922	997	1150	970	954	1152	919	640	600
590	1026	956	837	999	949	973	925	954	588	999	1043	982	817	891	1043	972	1054	951	987	860	744	864	862	977
1023	444	998	976	693	1051	944	1004	788	693	924	632	512	1028	881	722	970	1001	952	977	885	1045	393	981
925	1032	1032	694	266	653	550	990	992	612	537	879	1013	1052	990	853	883	676	712	1005	681	927	1037	654
876	940	489	1058	985	1007	256	691	836	755	680	1055	313	361	825	432	694	983	869	421	908	1005	563	1056	1006
514	887	1068	314	962	616	942	507	919	475	648	899	690	797	554	1041	634	778	567	1055	939	744	697	1043	642
910	821	1021	909	527	644	881	928	684	643	546	539	935	879	918	929	978	530	932	389	630	805	854	809	471	504
369	679	578	670	989	809	747	595	921	910	540	945	870	617	967	1051	622	360	597	266	615	295	663	967	870	274
793	665	861	841	1051	484	907	371	906	888	963	604	615	701	693	950	1020	951	493	939	332	883	981	1011	1000
987	880	918	447	1014	926	785	972	931	260	844	1030	984	913	914	1028	914	940	1020	934	977	944	932	610	924
843	920	741	1036	654	963	886	865	886	879	938	801	999	713	972	891	952	959	446	615	185	737	294	566	684	967
950	978	851	995	931	912	1029	377	971	718	617	867	987	364	979	920	981	915	884	928	453	922	992	577	923	413
819	1004	1030	526	777	919	981	845	957	866	548	974	634	969	602	1001	945	928	955	268	875	951	794	852	955
917	754	917	851	869	905	738	921	727	998	890	998	958	550	819	1062	917	1013	1008	801	1039	845	961	989	988
863	856	999	975	581	897	482	392	1000	1035	953	1007	914	1063	925	994	929	864	926	891	381	1028	902	926	889
367	1063	743	860	889	625	1004	932	926	971	848	1077	880	566	843	456	942	633	839	996	1048	929	554	255	997
891	899	452	990	1050	980	933	898	566	692	859	940	995	925	1003	986	388	907	737	549	958	482	649	892	1004
375	245	883	593	577	836	885	917	955	964	386	1040	773	997	326	961	635	1013	998	1058	863	1023	901	632	1042
486	820	743	705	918	881	513	806	915	963	996	671	871	854	868	547	1015	706	332	556	997	699	659	924	364	934
783	869	356	741	1001	951	584	963	572	957	646	839	822	871	220	903	956	1011	1044	563	860	1005	994	543	333
685	960	853	250	726	953	1039	710	887	881	952	728	1022	1027	958	321	584	846	1005	476	831	1013	711	541	768
576	771	837	959	1026	971	770	949	949	992	307	635	992	973	733	762	1058	450	965	313	894	531	611	685	1001
898	967	1041	616	845	807	707	981	1036	1002	945	1004	211	895	834	805	1019	1028	755	941	1049	850	948	880
904	1051	893	884	1057	722	924	759	1074	1054	863	931	961	982	993	970	961	1007	899	912	538	1058	1003	846
724	1007	391	387	1024	943	921	643	680	979	840	608	503	607	924	452	472	762	801	882	579	593	968	822	897
906	1031	906	889	739	959	458	849	805	989	806	961	511	926	874	1038	719	991	609	760	908	1009	982	810	988
978	637	425	904	1035	339	862	980	757	869	1036	1023	941	368	979	1003	891	899	373	1055	945	1019	767	1018
950	1055	909	963	453	986	1030	1008	249	988	799	927	506	333	974	678	1004	1002	283	588	973	1029	704	1028
937	829	973	764	955	749	1013	1019	979	966	1020	994	570	846	962	837	638	968	180	1046	1023	900	1004	913
991	740	925	1011	937	945	1053	992	994	998	1015	662	792	423	337	1063	638	1013	952	898	1054	545	915	933
1028	1063	1042	983	969	674	696	1055	841	992	993	1014	693	1002	651	916	859	994	1029	744	1067	565	876	963
976	1008	767	1097	865	967	853	584	1028	1047	920	988	973	910	979	797	560	1087	1050	595	1054	953	782	576
1011	808	750	1038	1016	584	978	1084	1053	921	930	913	920	626	971	887	992	1000	646	647	934	569	1042	907
549	988	831	990	783	801	1025	909	966	1001	389	978	969	714	1040	770	1006	736	914	1016	842	655	841	908	963
491	968	777	988	981	959	921	1006	1020	1037	694	962	842	977	656	1015	879	1048	1047	853	981	999	1014	1040
1056	1065	992	657	1024	1030	293	1025	963	1044	940	1007	451	536	1008	993	965	995	979	1006	968	1055	1054
610	993	459	1045	1032	362	1027	532	1013	763	1079	520	1064	784	710	996	853	1018	1038	974	473	526	832	1062
941	746	1005	1068	1015	790	824	1019	991	1027	1067	802	850	935	337	1037	795	1031	1089	977	656	509	1018
1012	1081	545	1089	930	831	1048	987	868	1016	1030	950	865	906	998	830	947	1036	964	816	996	527	824	972
1046	756	868	955	543	1006	745	897	524	1036	750	882	865	811	694	990	1033	594	768	995	562	1045	967	838	1014
829	397	787	994	364	223	1038	810	879	996	1022	447	602	969	460	790	877	797	1064	854	581	999	977	788	995
765	1001	934	1003	1026	974	932	979	917	892	1001	573	1021	921	1018	880	731	1027	487	1045	1029	1060	699
828	582	972	1007	753	894	1050	773	1056	949	611	996	1041	889	1046	627	981	997	861	1019	986	1016	645	641
1078	936	212	961	615	872	1008	705	1022	378	998	565	644	849	1008	768	1077	936	587	1025	971	992	1021	1074
466	1058	906	1065	972	873	1060	962	901	966	1024	775	968	867	998	795	743	1056	1052	942	1062	684	426	998
1041	691	895	1064	749	1012	1055	1046	1055	938	1013	738	995	995	998	980	982	1071	607	908	902	1054	253	990
1015	977	1006	590	247	739	939	1062	279	941	885	993	759	497	605	758	812	571	960	967	800	242	237	632	255
326	303	358	181	815	343	781	538	602	386	436	208	983	233	851	689	1042	671	261	435	284	489	984	442	536	520
580	296	1015	469	248	989	520	347	580	457	329	199	534	489	301	472	529	702	204	729	525	503	539	561	295	844
528	378	304	364	496	282	300	461	350	412	612	635	426	460	271	391	1065	430	354	284	211	979	547	862	608	946
616	940	242	393	1085	484	421	529	797	258	390	497	416	325	238	430	232	278	295	500	638	302	338	185	500	568
588	250	783	524	428	272
